0.0000  0.65942  0.00000  0.34058
0.0020  0.67395  0.00000  0.32605
0.0040  0.66936  0.00000  0.33064
0.0060  0.66260  0.00000  0.33740
0.0080  0.66264  0.00000  0.33736
0.0100  0.65936  0.00000  0.34064
0.0120  0.66029  0.00000  0.33971
0.0140  0.65873  0.00000  0.34127
0.0160  0.66135  0.00000  0.33865
0.0180  0.65691  0.00000  0.34309
0.0200  0.65561  0.00000  0.34439
0.0220  0.65648  0.00000  0.34352
0.0240  0.65509  0.00000  0.34491
0.0260  0.65734  0.00000  0.34266
0.0280  0.65250  0.00000  0.34750
0.0300  0.65276  0.00000  0.34724
0.0320  0.65647  0.00000  0.34353
0.0340  0.65543  0.00000  0.34457
0.0360  0.65155  0.00000  0.34845
0.0380  0.65310  0.00000  0.34690
0.0400  0.64509  0.00000  0.35491
0.0420  0.64787  0.00000  0.35213
0.0440  0.64659  0.00000  0.35341
0.0460  0.64661  0.00000  0.35339
0.0480  0.64179  0.00000  0.35821
0.0500  0.64038  0.00000  0.35962
0.0520  0.64324  0.00000  0.35676
0.0540  0.64268  0.00000  0.35732
0.0560  0.64121  0.00000  0.35879
0.0580  0.64063  0.00000  0.35937
0.0600  0.63814  0.00000  0.36186
0.0620  0.64047  0.00000  0.35953
0.0640  0.63986  0.00000  0.36014
0.0660  0.63328  0.00000  0.36672
0.0680  0.63748  0.00000  0.36252
0.0700  0.63469  0.00000  0.36531
0.0720  0.63434  0.00000  0.36566
0.0740  0.62843  0.00000  0.37157
0.0760  0.63188  0.00000  0.36812
0.0780  0.62851  0.00000  0.37149
0.0800  0.62731  0.00000  0.37269
0.0820  0.62877  0.00000  0.37123
0.0840  0.63252  0.00000  0.36748
0.0860  0.62673  0.00000  0.37327
0.0880  0.62244  0.00000  0.37756
0.0900  0.62697  0.00000  0.37303
0.0920  0.62844  0.00000  0.37156
0.0940  0.62428  0.00000  0.37572
0.0960  0.61747  0.00000  0.38253
0.0980  0.61645  0.00000  0.38355
0.1000  0.62260  0.00000  0.37740
0.1020  0.61649  0.00000  0.38351
0.1040  0.62001  0.00000  0.37999
0.1060  0.61832  0.00000  0.38168
0.1080  0.61448  0.00000  0.38552
0.1100  0.61385  0.00000  0.38615
0.1120  0.61265  0.00000  0.38735
0.1140  0.61431  0.00000  0.38569
0.1160  0.61194  0.00000  0.38806
0.1180  0.61402  0.00000  0.38598
0.1200  0.61059  0.00000  0.38941
0.1220  0.60758  0.00000  0.39242
0.1240  0.60821  0.00000  0.39179
0.1260  0.60454  0.00000  0.39546
0.1280  0.60836  0.00000  0.39164
0.1300  0.60693  0.00000  0.39307
0.1320  0.60413  0.00000  0.39587
0.1340  0.61070  0.00000  0.38930
0.1360  0.60527  0.00000  0.39473
0.1380  0.60154  0.00000  0.39846
0.1400  0.59763  0.00000  0.40237
0.1420  0.59759  0.00000  0.40241
0.1440  0.60511  0.00000  0.39489
0.1460  0.60082  0.00000  0.39918
0.1480  0.59596  0.00000  0.40404
0.1500  0.59829  0.00000  0.40171
0.1520  0.59008  0.00000  0.40992
0.1540  0.59821  0.00000  0.40179
0.1560  0.59130  0.00000  0.40870
0.1580  0.59147  0.00000  0.40853
0.1600  0.59320  0.00000  0.40680
0.1620  0.59463  0.00000  0.40537
0.1640  0.59280  0.00000  0.40720
0.1660  0.58829  0.00000  0.41171
0.1680  0.59035  0.00000  0.40965
0.1700  0.58665  0.00000  0.41335
0.1720  0.58882  0.00000  0.41118
0.1740  0.58459  0.00000  0.41541
0.1760  0.58429  0.00000  0.41571
0.1780  0.58205  0.00000  0.41795
0.1800  0.58331  0.00000  0.41669
0.1820  0.57883  0.00000  0.42117
0.1840  0.57818  0.00000  0.42182
0.1860  0.57785  0.00000  0.42215
0.1880  0.58076  0.00000  0.41924
0.1900  0.57292  0.00000  0.42708
0.1920  0.57705  0.00000  0.42295
0.1940  0.57098  0.00000  0.42902
0.1960  0.57564  0.00000  0.42436
0.1980  0.57529  0.00000  0.42471
0.2000  0.57020  0.00000  0.42980
0.2020  0.57471  0.00000  0.42529
0.2040  0.57226  0.00000  0.42774
0.2060  0.57103  0.00000  0.42897
0.2080  0.56617  0.00000  0.43383
0.2100  0.56744  0.00000  0.43256
0.2120  0.56427  0.00000  0.43573
0.2140  0.56563  0.00000  0.43437
0.2160  0.55804  0.00000  0.44196
0.2180  0.56420  0.00000  0.43580
0.2200  0.56155  0.00000  0.43845
0.2220  0.56324  0.00000  0.43676
0.2240  0.56443  0.00000  0.43557
0.2260  0.55910  0.00000  0.44090
0.2280  0.56195  0.00000  0.43805
0.2300  0.55540  0.00000  0.44460
0.2320  0.55370  0.00000  0.44630
0.2340  0.55747  0.00000  0.44253
0.2360  0.55536  0.00000  0.44464
0.2380  0.55883  0.00000  0.44117
0.2400  0.55277  0.00000  0.44723
0.2420  0.55485  0.00000  0.44515
0.2440  0.55326  0.00000  0.44674
0.2460  0.54650  0.00000  0.45350
0.2480  0.54429  0.00000  0.45571
0.2500  0.54310  0.00000  0.45690
0.2520  0.54259  0.00000  0.45741
0.2540  0.54769  0.00000  0.45231
0.2560  0.54699  0.00000  0.45301
0.2580  0.54514  0.00000  0.45486
0.2600  0.53959  0.00000  0.46041
0.2620  0.54301  0.00000  0.45699
0.2640  0.54031  0.00000  0.45969
0.2660  0.53959  0.00000  0.46041
0.2680  0.53812  0.00000  0.46188
0.2700  0.53930  0.00000  0.46070
0.2720  0.53784  0.00000  0.46216
0.2740  0.53186  0.00000  0.46814
0.2760  0.52927  0.00000  0.47073
0.2780  0.53287  0.00000  0.46713
0.2800  0.53102  0.00000  0.46898
0.2820  0.53198  0.00000  0.46802
0.2840  0.53565  0.00000  0.46435
0.2860  0.52743  0.00000  0.47257
0.2880  0.53013  0.00000  0.46987
0.2900  0.52772  0.00000  0.47228
0.2920  0.52492  0.00000  0.47508
0.2940  0.52373  0.00000  0.47627
0.2960  0.52087  0.00000  0.47913
0.2980  0.52026  0.00000  0.47974
0.3000  0.51524  0.00000  0.48476
0.3020  0.51808  0.00000  0.48192
0.3040  0.51682  0.00000  0.48318
0.3060  0.51539  0.00000  0.48461
0.3080  0.51589  0.00000  0.48411
0.3100  0.51719  0.00000  0.48281
0.3120  0.51807  0.00000  0.48193
0.3140  0.51540  0.00000  0.48460
0.3160  0.51025  0.00000  0.48975
0.3180  0.51072  0.00000  0.48928
0.3200  0.51048  0.00000  0.48952
0.3220  0.51171  0.00000  0.48829
0.3240  0.50900  0.00000  0.49100
0.3260  0.51258  0.00000  0.48742
0.3280  0.50468  0.00000  0.49532
0.3300  0.50805  0.00000  0.49195
0.3320  0.50232  0.00000  0.49768
0.3340  0.50328  0.00000  0.49672
0.3360  0.50467  0.00000  0.49533
0.3380  0.50327  0.00000  0.49673
0.3400  0.50601  0.00000  0.49399
0.3420  0.49781  0.00000  0.50219
0.3440  0.50030  0.00000  0.49970
0.3460  0.49910  0.00000  0.50090
0.3480  0.49999  0.00000  0.50001
0.3500  0.49903  0.00000  0.50097
0.3520  0.49425  0.00000  0.50575
0.3540  0.49506  0.00000  0.50494
0.3560  0.48930  0.00000  0.51070
0.3580  0.49494  0.00000  0.50506
0.3600  0.48888  0.00000  0.51112
0.3620  0.49226  0.00000  0.50774
0.3640  0.48691  0.00000  0.51309
0.3660  0.48634  0.00000  0.51366
0.3680  0.48511  0.00000  0.51489
0.3700  0.48414  0.00000  0.51586
0.3720  0.48233  0.00000  0.51767
0.3740  0.47981  0.00000  0.52019
0.3760  0.48088  0.00000  0.51912
0.3780  0.48218  0.00000  0.51782
0.3800  0.47993  0.00000  0.52007
0.3820  0.47464  0.00000  0.52536
0.3840  0.47542  0.00000  0.52458
0.3860  0.47074  0.00000  0.52926
0.3880  0.47524  0.00000  0.52476
0.3900  0.47900  0.00000  0.52100
0.3920  0.46877  0.00000  0.53123
0.3940  0.47445  0.00000  0.52555
0.3960  0.47613  0.00000  0.52387
0.3980  0.46754  0.00000  0.53246
0.4000  0.46836  0.00000  0.53164
0.4020  0.46764  0.00000  0.53236
0.4040  0.46639  0.00000  0.53361
0.4060  0.46854  0.00000  0.53146
0.4080  0.46404  0.00000  0.53596
0.4100  0.46335  0.00000  0.53665
0.4120  0.45928  0.00000  0.54072
0.4140  0.46098  0.00000  0.53902
0.4160  0.45753  0.00000  0.54247
0.4180  0.45995  0.00000  0.54005
0.4200  0.45847  0.00000  0.54153
0.4220  0.45877  0.00000  0.54123
0.4240  0.45790  0.00000  0.54210
0.4260  0.45692  0.00000  0.54308
0.4280  0.45250  0.00000  0.54750
0.4300  0.45065  0.00000  0.54935
0.4320  0.45528  0.00000  0.54472
0.4340  0.45301  0.00000  0.54699
0.4360  0.45172  0.00000  0.54828
0.4380  0.44388  0.00000  0.55612
0.4400  0.44470  0.00000  0.55530
0.4420  0.44788  0.00000  0.55212
0.4440  0.44473  0.00000  0.55527
0.4460  0.43897  0.00000  0.56103
0.4480  0.44598  0.00000  0.55402
0.4500  0.44432  0.00000  0.55568
0.4520  0.43934  0.00000  0.56066
0.4540  0.44227  0.00000  0.55773
0.4560  0.43833  0.00000  0.56167
0.4580  0.43512  0.00000  0.56488
0.4600  0.43368  0.00000  0.56632
0.4620  0.43361  0.00000  0.56639
0.4640  0.44032  0.00000  0.55968
0.4660  0.43325  0.00000  0.56675
0.4680  0.43209  0.00000  0.56791
0.4700  0.43169  0.00000  0.56831
0.4720  0.42784  0.00000  0.57216
0.4740  0.42894  0.00000  0.57106
0.4760  0.42664  0.00000  0.57336
0.4780  0.42768  0.00000  0.57232
0.4800  0.42424  0.00000  0.57576
0.4820  0.42720  0.00000  0.57280
0.4840  0.42467  0.00000  0.57533
0.4860  0.42833  0.00000  0.57167
0.4880  0.42160  0.00000  0.57840
0.4900  0.41997  0.00000  0.58003
0.4920  0.41933  0.00000  0.58067
0.4940  0.41643  0.00000  0.58357
0.4960  0.41442  0.00000  0.58558
0.4980  0.41649  0.00000  0.58351
0.5000  0.41393  0.00000  0.58607
0.5020  0.41019  0.00000  0.58981
0.5040  0.41029  0.00000  0.58971
0.5060  0.41973  0.00000  0.58027
0.5080  0.41022  0.00000  0.58978
0.5100  0.40970  0.00000  0.59030
0.5120  0.41195  0.00000  0.58805
0.5140  0.40612  0.00000  0.59388
0.5160  0.40554  0.00000  0.59446
0.5180  0.40612  0.00000  0.59388
0.5200  0.40826  0.00000  0.59174
0.5220  0.40199  0.00000  0.59801
0.5240  0.39976  0.00000  0.60024
0.5260  0.39601  0.00000  0.60399
0.5280  0.39617  0.00000  0.60383
0.5300  0.40043  0.00000  0.59957
0.5320  0.40203  0.00000  0.59797
0.5340  0.39503  0.00000  0.60497
0.5360  0.39499  0.00000  0.60501
0.5380  0.39641  0.00000  0.60359
0.5400  0.39413  0.00000  0.60587
0.5420  0.39272  0.00000  0.60728
0.5440  0.38954  0.00000  0.61046
0.5460  0.39059  0.00000  0.60941
0.5480  0.38908  0.00000  0.61092
0.5500  0.38641  0.00000  0.61359
0.5520  0.38472  0.00000  0.61528
0.5540  0.38823  0.00000  0.61177
0.5560  0.38205  0.00000  0.61795
0.5580  0.38722  0.00000  0.61278
0.5600  0.38257  0.00000  0.61743
0.5620  0.38201  0.00000  0.61799
0.5640  0.37696  0.00000  0.62304
0.5660  0.37701  0.00000  0.62299
0.5680  0.37642  0.00000  0.62358
0.5700  0.37476  0.00000  0.62524
0.5720  0.37220  0.00000  0.62780
0.5740  0.36940  0.00000  0.63060
0.5760  0.37384  0.00000  0.62616
0.5780  0.37060  0.00000  0.62940
0.5800  0.36883  0.00000  0.63117
0.5820  0.36962  0.00000  0.63038
0.5840  0.36511  0.00000  0.63489
0.5860  0.36302  0.00000  0.63698
0.5880  0.37090  0.00000  0.62910
0.5900  0.36626  0.00000  0.63374
0.5920  0.36475  0.00000  0.63525
0.5940  0.35817  0.00000  0.64183
0.5960  0.36400  0.00000  0.63600
0.5980  0.36260  0.00000  0.63740
0.6000  0.35718  0.00000  0.64282
0.6020  0.35668  0.00000  0.64332
0.6040  0.35883  0.00000  0.64117
0.6060  0.35403  0.00000  0.64597
0.6080  0.35156  0.00000  0.64844
0.6100  0.35209  0.00000  0.64791
0.6120  0.35268  0.00000  0.64732
0.6140  0.34996  0.00000  0.65004
0.6160  0.34924  0.00000  0.65076
0.6180  0.34770  0.00000  0.65230
0.6200  0.35005  0.00000  0.64995
0.6220  0.34523  0.00000  0.65477
0.6240  0.34357  0.00000  0.65643
0.6260  0.34529  0.00000  0.65471
0.6280  0.34698  0.00000  0.65302
0.6300  0.34102  0.00000  0.65898
0.6320  0.34046  0.00000  0.65954
0.6340  0.33973  0.00000  0.66027
0.6360  0.34504  0.00000  0.65496
0.6380  0.34050  0.00000  0.65950
0.6400  0.33817  0.00000  0.66183
0.6420  0.33599  0.00000  0.66401
0.6440  0.33905  0.00000  0.66095
0.6460  0.33220  0.00000  0.66780
0.6480  0.33394  0.00000  0.66606
0.6500  0.33218  0.00000  0.66782
0.6520  0.33160  0.00000  0.66840
0.6540  0.33152  0.00000  0.66848
0.6560  0.32748  0.00000  0.67252
0.6580  0.32424  0.00000  0.67576
0.6600  0.32744  0.00000  0.67256
0.6620  0.32460  0.00000  0.67540
0.6640  0.32440  0.00000  0.67560
0.6660  0.32020  0.00000  0.67980
0.6680  0.31945  0.00000  0.68055
0.6700  0.31992  0.00000  0.68008
0.6720  0.31472  0.00000  0.68528
0.6740  0.31740  0.00000  0.68260
0.6760  0.31439  0.00000  0.68561
0.6780  0.31324  0.00000  0.68676
0.6800  0.31424  0.00000  0.68576
0.6820  0.30960  0.00000  0.69040
0.6840  0.30923  0.00000  0.69077
0.6860  0.31037  0.00000  0.68963
0.6880  0.30755  0.00000  0.69245
0.6900  0.30618  0.00000  0.69382
0.6920  0.30498  0.00000  0.69502
0.6940  0.30480  0.00000  0.69520
0.6960  0.30829  0.00000  0.69171
0.6980  0.30166  0.00000  0.69834
0.7000  0.30277  0.00000  0.69723
0.7020  0.30279  0.00000  0.69721
0.7040  0.29807  0.00000  0.70193
0.7060  0.29766  0.00000  0.70234
0.7080  0.29998  0.00000  0.70002
0.7100  0.29764  0.00000  0.70236
0.7120  0.29617  0.00000  0.70383
0.7140  0.29478  0.00000  0.70522
0.7160  0.29382  0.00000  0.70618
0.7180  0.29655  0.00000  0.70345
0.7200  0.29126  0.00000  0.70874
0.7220  0.29317  0.00000  0.70683
0.7240  0.29044  0.00000  0.70956
0.7260  0.28359  0.00000  0.71641
0.7280  0.29029  0.00000  0.70971
0.7300  0.28677  0.00000  0.71323
0.7320  0.28792  0.00000  0.71208
0.7340  0.28048  0.00000  0.71952
0.7360  0.28120  0.00000  0.71880
0.7380  0.28230  0.00000  0.71770
0.7400  0.27945  0.00000  0.72055
0.7420  0.28123  0.00000  0.71877
0.7440  0.27998  0.00000  0.72002
0.7460  0.27924  0.00000  0.72076
0.7480  0.27496  0.00000  0.72504
0.7500  0.27062  0.00000  0.72938
0.7520  0.27094  0.00000  0.72906
0.7540  0.27178  0.00000  0.72822
0.7560  0.26917  0.00000  0.73083
0.7580  0.27136  0.00000  0.72864
0.7600  0.27381  0.00000  0.72619
0.7620  0.26932  0.00000  0.73068
0.7640  0.26319  0.00000  0.73681
0.7660  0.26284  0.00000  0.73716
0.7680  0.26637  0.00000  0.73363
0.7700  0.26652  0.00000  0.73348
0.7720  0.26241  0.00000  0.73759
0.7740  0.25784  0.00000  0.74216
0.7760  0.25859  0.00000  0.74141
0.7780  0.25725  0.00000  0.74275
0.7800  0.25571  0.00000  0.74429
0.7820  0.25582  0.00000  0.74418
0.7840  0.25020  0.00000  0.74980
0.7860  0.25368  0.00000  0.74632
0.7880  0.25261  0.00000  0.74739
0.7900  0.25285  0.00000  0.74715
0.7920  0.25161  0.00000  0.74839
0.7940  0.25108  0.00000  0.74892
0.7960  0.24729  0.00000  0.75271
0.7980  0.24572  0.00000  0.75428
0.8000  0.24257  0.00000  0.75743
0.8020  0.24284  0.00000  0.75716
0.8040  0.24145  0.00000  0.75855
0.8060  0.24302  0.00000  0.75698
0.8080  0.23881  0.00000  0.76119
0.8100  0.23771  0.00000  0.76229
0.8120  0.23646  0.00000  0.76354
0.8140  0.23794  0.00000  0.76206
0.8160  0.23443  0.00000  0.76557
0.8180  0.23471  0.00000  0.76529
0.8200  0.23166  0.00000  0.76834
0.8220  0.23193  0.00000  0.76807
0.8240  0.22994  0.00000  0.77006
0.8260  0.22788  0.00000  0.77212
0.8280  0.22767  0.00000  0.77233
0.8300  0.22950  0.00000  0.77050
0.8320  0.22746  0.00000  0.77254
0.8340  0.22382  0.00000  0.77618
0.8360  0.22387  0.00000  0.77613
0.8380  0.22190  0.00000  0.77810
0.8400  0.21776  0.00000  0.78224
0.8420  0.21872  0.00000  0.78128
0.8440  0.21998  0.00000  0.78002
0.8460  0.21717  0.00000  0.78283
0.8480  0.21521  0.00000  0.78479
0.8500  0.21855  0.00000  0.78145
0.8520  0.21309  0.00000  0.78691
0.8540  0.20771  0.00000  0.79229
0.8560  0.21010  0.00000  0.78990
0.8580  0.21103  0.00000  0.78897
0.8600  0.20900  0.00000  0.79100
0.8620  0.20454  0.00000  0.79546
0.8640  0.20812  0.00000  0.79188
0.8660  0.20646  0.00000  0.79354
0.8680  0.20432  0.00000  0.79568
0.8700  0.20421  0.00000  0.79579
0.8720  0.20060  0.00000  0.79940
0.8740  0.19808  0.00000  0.80192
0.8760  0.20030  0.00000  0.79970
0.8780  0.19470  0.00000  0.80530
0.8800  0.19354  0.00000  0.80646
0.8820  0.19753  0.00000  0.80247
0.8840  0.19452  0.00000  0.80548
0.8860  0.19236  0.00000  0.80764
0.8880  0.18834  0.00000  0.81166
0.8900  0.18939  0.00000  0.81061
0.8920  0.19299  0.00000  0.80701
0.8940  0.18747  0.00000  0.81253
0.8960  0.18488  0.00000  0.81512
0.8980  0.18195  0.00000  0.81805
0.9000  0.18440  0.00000  0.81560
0.9020  0.18074  0.00000  0.81926
0.9040  0.18072  0.00000  0.81928
0.9060  0.18154  0.00000  0.81846
0.9080  0.17662  0.00000  0.82338
0.9100  0.17913  0.00000  0.82087
0.9120  0.17600  0.00000  0.82400
0.9140  0.17481  0.00000  0.82519
0.9160  0.17039  0.00000  0.82961
0.9180  0.17193  0.00000  0.82807
0.9200  0.17089  0.00000  0.82911
0.9220  0.16983  0.00000  0.83017
0.9240  0.16838  0.00000  0.83162
0.9260  0.16827  0.00000  0.83173
0.9280  0.16422  0.00000  0.83578
0.9300  0.16544  0.00000  0.83456
0.9320  0.16017  0.00000  0.83983
0.9340  0.16111  0.00000  0.83889
0.9360  0.15836  0.00000  0.84164
0.9380  0.15346  0.00000  0.84654
0.9400  0.15637  0.00000  0.84363
0.9420  0.15273  0.00000  0.84727
0.9440  0.15491  0.00000  0.84509
0.9460  0.15088  0.00000  0.84912
0.9480  0.14819  0.00000  0.85181
0.9500  0.15158  0.00000  0.84842
0.9520  0.14314  0.00000  0.85686
0.9540  0.14556  0.00000  0.85444
0.9560  0.14494  0.00000  0.85506
0.9580  0.13976  0.00000  0.86024
0.9600  0.13943  0.00000  0.86057
0.9620  0.13878  0.00000  0.86122
0.9640  0.13811  0.00000  0.86189
0.9660  0.13316  0.00000  0.86684
0.9680  0.13124  0.00000  0.86876
0.9700  0.13649  0.00000  0.86351
0.9720  0.13054  0.00000  0.86946
0.9740  0.13022  0.00000  0.86978
0.9760  0.12720  0.00000  0.87280
0.9780  0.12470  0.00000  0.87530
0.9800  0.12571  0.00000  0.87429
0.9820  0.12672  0.00000  0.87328
0.9840  0.11798  0.00000  0.88202
0.9860  0.12193  0.00000  0.87807
0.9880  0.12093  0.00000  0.87907
0.9900  0.11750  0.00000  0.88250
0.9920  0.11606  0.00000  0.88394
0.9940  0.11138  0.00000  0.88862
0.9960  0.10724  0.00000  0.89276
0.9980  0.11235  0.00000  0.88765
1.0000  0.10749  0.00000  0.89251
1.0020  0.10750  0.00000  0.89250
1.0040  0.10484  0.00000  0.89516
1.0060  0.10290  0.00000  0.89710
1.0080  0.10156  0.00000  0.89844
1.0100  0.10022  0.00000  0.89978
1.0120  0.09957  0.00000  0.90043
1.0140  0.09783  0.00000  0.90217
1.0160  0.09517  0.00000  0.90483
1.0180  0.09490  0.00000  0.90510
1.0200  0.09320  0.00000  0.90680
1.0220  0.09181  0.00000  0.90819
1.0240  0.09237  0.00000  0.90763
1.0260  0.08921  0.00000  0.91079
1.0280  0.08661  0.00000  0.91339
1.0300  0.08716  0.00000  0.91284
1.0320  0.08479  0.00000  0.91521
1.0340  0.08469  0.00000  0.91531
1.0360  0.08340  0.00000  0.91660
1.0380  0.08389  0.00000  0.91611
1.0400  0.08121  0.00000  0.91879
1.0420  0.07973  0.00000  0.92027
1.0440  0.07792  0.00000  0.92208
1.0460  0.07694  0.00000  0.92306
1.0480  0.07648  0.00000  0.92352
1.0500  0.07652  0.00000  0.92348
1.0520  0.07488  0.00000  0.92512
1.0540  0.07349  0.00000  0.92651
1.0560  0.07128  0.00000  0.92872
1.0580  0.07165  0.00000  0.92835
1.0600  0.07141  0.00000  0.92859
1.0620  0.07027  0.00000  0.92973
1.0640  0.06891  0.00000  0.93109
1.0660  0.06830  0.00000  0.93170
1.0680  0.06805  0.00000  0.93195
1.0700  0.06591  0.00000  0.93409
1.0720  0.06585  0.00000  0.93415
1.0740  0.06515  0.00000  0.93485
1.0760  0.06397  0.00000  0.93603
1.0780  0.06446  0.00000  0.93554
1.0800  0.06326  0.00000  0.93674
1.0820  0.06382  0.00000  0.93618
1.0840  0.06190  0.00000  0.93810
1.0860  0.06026  0.00000  0.93974
1.0880  0.05998  0.00000  0.94002
1.0900  0.05957  0.00000  0.94043
1.0920  0.05895  0.00000  0.94105
1.0940  0.05835  0.00000  0.94165
1.0960  0.05883  0.00000  0.94117
1.0980  0.05679  0.00000  0.94321
1.1000  0.05575  0.00000  0.94425
1.1020  0.05673  0.00000  0.94327
1.1040  0.05415  0.00000  0.94585
1.1060  0.05499  0.00000  0.94501
1.1080  0.05477  0.00000  0.94523
1.1100  0.05320  0.00000  0.94680
1.1120  0.05278  0.00000  0.94722
1.1140  0.05345  0.00000  0.94655
1.1160  0.05151  0.00000  0.94849
1.1180  0.05221  0.00000  0.94779
1.1200  0.05175  0.00000  0.94825
1.1220  0.05047  0.00000  0.94953
1.1240  0.04995  0.00000  0.95005
1.1260  0.04950  0.00000  0.95050
1.1280  0.04845  0.00000  0.95155
1.1300  0.04890  0.00000  0.95110
1.1320  0.04836  0.00000  0.95164
1.1340  0.04885  0.00000  0.95115
1.1360  0.04759  0.00000  0.95241
1.1380  0.04599  0.00000  0.95401
1.1400  0.04731  0.00000  0.95269
1.1420  0.04635  0.00000  0.95365
1.1440  0.04524  0.00000  0.95476
1.1460  0.04416  0.00000  0.95584
1.1480  0.04463  0.00000  0.95537
1.1500  0.04450  0.00000  0.95550
1.1520  0.04344  0.00000  0.95656
1.1540  0.04473  0.00000  0.95527
1.1560  0.04300  0.00000  0.95700
1.1580  0.04245  0.00000  0.95755
1.1600  0.04361  0.00000  0.95639
1.1620  0.04388  0.00000  0.95612
1.1640  0.04171  0.00000  0.95829
1.1660  0.04191  0.00000  0.95809
1.1680  0.04157  0.00000  0.95843
1.1700  0.04110  0.00000  0.95890
1.1720  0.04058  0.00000  0.95942
1.1740  0.04113  0.00000  0.95887
1.1760  0.03945  0.00000  0.96055
1.1780  0.03917  0.00000  0.96083
1.1800  0.03856  0.00000  0.96144
1.1820  0.03884  0.00000  0.96116
1.1840  0.03844  0.00000  0.96156
1.1860  0.03819  0.00000  0.96181
1.1880  0.03734  0.00000  0.96266
1.1900  0.03757  0.00000  0.96243
1.1920  0.03725  0.00000  0.96275
1.1940  0.03687  0.00000  0.96313
1.1960  0.03625  0.00000  0.96375
1.1980  0.03672  0.00000  0.96328
1.2000  0.03580  0.00000  0.96420
1.2020  0.03605  0.00000  0.96395
1.2040  0.03538  0.00000  0.96462
1.2060  0.03496  0.00000  0.96504
1.2080  0.03459  0.00000  0.96541
1.2100  0.03497  0.00000  0.96503
1.2120  0.03489  0.00000  0.96511
1.2140  0.03470  0.00000  0.96530
1.2160  0.03464  0.00000  0.96536
1.2180  0.03418  0.00000  0.96582
1.2200  0.03312  0.00000  0.96688
1.2220  0.03347  0.00000  0.96653
1.2240  0.03280  0.00000  0.96720
1.2260  0.03280  0.00000  0.96720
1.2280  0.03233  0.00000  0.96767
1.2300  0.03135  0.00000  0.96865
1.2320  0.03270  0.00000  0.96730
1.2340  0.03217  0.00000  0.96783
1.2360  0.03176  0.00000  0.96824
1.2380  0.03134  0.00000  0.96866
1.2400  0.03140  0.00000  0.96860
1.2420  0.03115  0.00000  0.96885
1.2440  0.03139  0.00000  0.96861
1.2460  0.03125  0.00000  0.96875
1.2480  0.03004  0.00000  0.96996
1.2500  0.03137  0.00000  0.96863
1.2520  0.02909  0.00000  0.97091
1.2540  0.03002  0.00000  0.96998
1.2560  0.02869  0.00000  0.97131
1.2580  0.02937  0.00000  0.97063
1.2600  0.02877  0.00000  0.97123
1.2620  0.02834  0.00000  0.97166
1.2640  0.02845  0.00000  0.97155
1.2660  0.02875  0.00000  0.97125
1.2680  0.02821  0.00000  0.97179
1.2700  0.02794  0.00000  0.97206
1.2720  0.02748  0.00000  0.97252
1.2740  0.02732  0.00000  0.97268
1.2760  0.02755  0.00000  0.97245
1.2780  0.02849  0.00000  0.97151
1.2800  0.02653  0.00000  0.97347
1.2820  0.02728  0.00000  0.97272
1.2840  0.02686  0.00000  0.97314
1.2860  0.02653  0.00000  0.97347
1.2880  0.02628  0.00000  0.97372
1.2900  0.02584  0.00000  0.97416
1.2920  0.02638  0.00000  0.97362
1.2940  0.02542  0.00000  0.97458
1.2960  0.02631  0.00000  0.97369
1.2980  0.02594  0.00000  0.97406
1.3000  0.02521  0.00000  0.97479
1.3020  0.02580  0.00000  0.97420
1.3040  0.02494  0.00000  0.97506
1.3060  0.02576  0.00000  0.97424
1.3080  0.02418  0.00000  0.97582
1.3100  0.02577  0.00000  0.97423
1.3120  0.02384  0.00000  0.97616
1.3140  0.02357  0.00000  0.97643
1.3160  0.02376  0.00000  0.97624
1.3180  0.02428  0.00000  0.97572
1.3200  0.02362  0.00000  0.97638
1.3220  0.02386  0.00000  0.97614
1.3240  0.02398  0.00000  0.97602
1.3260  0.02316  0.00000  0.97684
1.3280  0.02350  0.00000  0.97650
1.3300  0.02320  0.00000  0.97680
1.3320  0.02294  0.00000  0.97706
1.3340  0.02342  0.00000  0.97658
1.3360  0.02248  0.00000  0.97752
1.3380  0.02261  0.00000  0.97739
1.3400  0.02278  0.00000  0.97722
1.3420  0.02173  0.00000  0.97827
1.3440  0.02227  0.00000  0.97773
1.3460  0.02199  0.00000  0.97801
1.3480  0.02192  0.00000  0.97808
1.3500  0.02121  0.00000  0.97879
1.3520  0.02184  0.00000  0.97816
1.3540  0.02169  0.00000  0.97831
1.3560  0.02170  0.00000  0.97830
1.3580  0.02092  0.00000  0.97908
1.3600  0.02077  0.00000  0.97923
1.3620  0.02119  0.00000  0.97881
1.3640  0.02083  0.00000  0.97917
1.3660  0.02028  0.00000  0.97972
1.3680  0.02066  0.00000  0.97934
1.3700  0.02025  0.00000  0.97975
1.3720  0.01977  0.00000  0.98023
1.3740  0.02068  0.00000  0.97932
1.3760  0.02045  0.00000  0.97955
1.3780  0.01968  0.00000  0.98032
1.3800  0.02015  0.00000  0.97985
1.3820  0.02027  0.00000  0.97973
1.3840  0.01950  0.00000  0.98050
1.3860  0.01973  0.00000  0.98027
1.3880  0.01929  0.00000  0.98071
1.3900  0.01984  0.00000  0.98016
1.3920  0.01899  0.00000  0.98101
1.3940  0.01920  0.00000  0.98080
1.3960  0.01895  0.00000  0.98105
1.3980  0.01916  0.00000  0.98084
1.4000  0.01877  0.00000  0.98123
1.4020  0.01825  0.00000  0.98175
1.4040  0.01866  0.00000  0.98134
1.4060  0.01845  0.00000  0.98155
1.4080  0.01867  0.00000  0.98133
1.4100  0.01843  0.00000  0.98157
1.4120  0.01839  0.00000  0.98161
1.4140  0.01793  0.00000  0.98207
1.4160  0.01784  0.00000  0.98216
1.4180  0.01776  0.00000  0.98224
1.4200  0.01771  0.00000  0.98229
1.4220  0.01850  0.00000  0.98150
1.4240  0.01757  0.00000  0.98243
1.4260  0.01784  0.00000  0.98216
1.4280  0.01741  0.00000  0.98259
1.4300  0.01765  0.00000  0.98235
1.4320  0.01759  0.00000  0.98241
1.4340  0.01748  0.00000  0.98252
1.4360  0.01772  0.00000  0.98228
1.4380  0.01690  0.00000  0.98310
1.4400  0.01720  0.00000  0.98280
1.4420  0.01742  0.00000  0.98258
1.4440  0.01709  0.00000  0.98291
1.4460  0.01621  0.00000  0.98379
1.4480  0.01654  0.00000  0.98346
1.4500  0.01638  0.00000  0.98362
1.4520  0.01615  0.00000  0.98385
1.4540  0.01708  0.00000  0.98292
1.4560  0.01622  0.00000  0.98378
1.4580  0.01612  0.00000  0.98388
1.4600  0.01605  0.00000  0.98395
1.4620  0.01644  0.00000  0.98356
1.4640  0.01635  0.00000  0.98365
1.4660  0.01559  0.00000  0.98441
1.4680  0.01618  0.00000  0.98382
1.4700  0.01528  0.00000  0.98472
1.4720  0.01521  0.00000  0.98479
1.4740  0.01482  0.00000  0.98518
1.4760  0.01598  0.00000  0.98402
1.4780  0.01567  0.00000  0.98433
1.4800  0.01547  0.00000  0.98453
1.4820  0.01590  0.00000  0.98410
1.4840  0.01462  0.00000  0.98538
1.4860  0.01493  0.00000  0.98507
1.4880  0.01500  0.00000  0.98500
1.4900  0.01524  0.00000  0.98476
1.4920  0.01504  0.00000  0.98496
1.4940  0.01435  0.00000  0.98565
1.4960  0.01529  0.00000  0.98471
1.4980  0.01479  0.00000  0.98521
1.5000  0.01434  0.00000  0.98566
1.5020  0.01444  0.00000  0.98556
1.5040  0.01422  0.00000  0.98578
1.5060  0.01403  0.00000  0.98597
1.5080  0.01394  0.00000  0.98606
1.5100  0.01467  0.00000  0.98533
1.5120  0.01396  0.00000  0.98604
1.5140  0.01360  0.00000  0.98640
1.5160  0.01397  0.00000  0.98603
1.5180  0.01408  0.00000  0.98592
1.5200  0.01399  0.00000  0.98601
1.5220  0.01434  0.00000  0.98566
1.5240  0.01382  0.00000  0.98618
1.5260  0.01402  0.00000  0.98598
1.5280  0.01339  0.00000  0.98661
1.5300  0.01385  0.00000  0.98615
1.5320  0.01346  0.00000  0.98654
1.5340  0.01365  0.00000  0.98635
1.5360  0.01369  0.00000  0.98631
1.5380  0.01369  0.00000  0.98631
1.5400  0.01322  0.00000  0.98678
1.5420  0.01300  0.00000  0.98700
1.5440  0.01345  0.00000  0.98655
1.5460  0.01257  0.00000  0.98743
1.5480  0.01373  0.00000  0.98627
1.5500  0.01322  0.00000  0.98678
1.5520  0.01311  0.00000  0.98689
1.5540  0.01291  0.00000  0.98709
1.5560  0.01255  0.00000  0.98745
1.5580  0.01272  0.00000  0.98728
1.5600  0.01216  0.00000  0.98784
1.5620  0.01279  0.00000  0.98721
1.5640  0.01273  0.00000  0.98727
1.5660  0.01216  0.00000  0.98784
1.5680  0.01240  0.00000  0.98760
1.5700  0.01214  0.00000  0.98786
1.5720  0.01214  0.00000  0.98786
1.5740  0.01242  0.00000  0.98758
1.5760  0.01266  0.00000  0.98734
1.5780  0.01223  0.00000  0.98777
1.5800  0.01177  0.00000  0.98823
1.5820  0.01193  0.00000  0.98807
1.5840  0.01229  0.00000  0.98771
1.5860  0.01197  0.00000  0.98803
1.5880  0.01178  0.00000  0.98822
1.5900  0.01191  0.00000  0.98809
1.5920  0.01196  0.00000  0.98804
1.5940  0.01215  0.00000  0.98785
1.5960  0.01158  0.00000  0.98842
1.5980  0.01186  0.00000  0.98814
1.6000  0.01113  0.00000  0.98887
1.6020  0.01172  0.00000  0.98828
1.6040  0.01197  0.00000  0.98803
1.6060  0.01149  0.00000  0.98851
1.6080  0.01089  0.00000  0.98911
1.6100  0.01152  0.00000  0.98848
1.6120  0.01089  0.00000  0.98911
1.6140  0.01100  0.00000  0.98900
1.6160  0.01147  0.00000  0.98853
1.6180  0.01111  0.00000  0.98889
1.6200  0.01100  0.00000  0.98900
1.6220  0.01136  0.00000  0.98864
1.6240  0.01129  0.00000  0.98871
1.6260  0.01142  0.00000  0.98858
1.6280  0.01123  0.00000  0.98877
1.6300  0.01070  0.00000  0.98930
1.6320  0.01090  0.00000  0.98910
1.6340  0.01116  0.00000  0.98884
1.6360  0.01154  0.00000  0.98846
1.6380  0.01057  0.00000  0.98943
1.6400  0.01118  0.00000  0.98882
1.6420  0.01011  0.00000  0.98989
1.6440  0.01047  0.00000  0.98953
1.6460  0.01052  0.00000  0.98948
1.6480  0.01047  0.00000  0.98953
1.6500  0.01090  0.00000  0.98910
1.6520  0.01050  0.00000  0.98950
1.6540  0.01084  0.00000  0.98916
1.6560  0.01042  0.00000  0.98958
1.6580  0.01028  0.00000  0.98972
1.6600  0.00983  0.00000  0.99017
1.6620  0.00977  0.00000  0.99023
1.6640  0.01033  0.00000  0.98967
1.6660  0.01034  0.00000  0.98966
1.6680  0.01060  0.00000  0.98940
1.6700  0.00983  0.00000  0.99017
1.6720  0.00979  0.00000  0.99021
1.6740  0.00984  0.00000  0.99016
1.6760  0.01004  0.00000  0.98996
1.6780  0.00980  0.00000  0.99020
1.6800  0.01067  0.00000  0.98933
1.6820  0.01038  0.00000  0.98962
1.6840  0.00963  0.00000  0.99037
1.6860  0.00996  0.00000  0.99004
1.6880  0.00983  0.00000  0.99017
1.6900  0.00970  0.00000  0.99030
1.6920  0.00919  0.00000  0.99081
1.6940  0.00981  0.00000  0.99019
1.6960  0.01042  0.00000  0.98958
1.6980  0.00971  0.00000  0.99029
1.7000  0.00950  0.00000  0.99050
1.7020  0.00972  0.00000  0.99028
1.7040  0.00966  0.00000  0.99034
1.7060  0.00964  0.00000  0.99036
1.7080  0.00940  0.00000  0.99060
1.7100  0.00904  0.00000  0.99096
1.7120  0.00977  0.00000  0.99023
1.7140  0.00948  0.00000  0.99052
1.7160  0.00983  0.00000  0.99017
1.7180  0.00927  0.00000  0.99073
1.7200  0.00940  0.00000  0.99060
1.7220  0.00899  0.00000  0.99101
1.7240  0.00919  0.00000  0.99081
1.7260  0.00896  0.00000  0.99104
1.7280  0.00937  0.00000  0.99063
1.7300  0.00892  0.00000  0.99108
1.7320  0.00962  0.00000  0.99038
1.7340  0.00952  0.00000  0.99048
1.7360  0.00919  0.00000  0.99081
1.7380  0.00943  0.00000  0.99057
1.7400  0.00923  0.00000  0.99077
1.7420  0.00932  0.00000  0.99068
1.7440  0.00915  0.00000  0.99085
1.7460  0.00869  0.00000  0.99131
1.7480  0.00914  0.00000  0.99086
1.7500  0.00823  0.00000  0.99177
1.7520  0.00921  0.00000  0.99079
1.7540  0.00922  0.00000  0.99078
1.7560  0.00870  0.00000  0.99130
1.7580  0.00841  0.00000  0.99159
1.7600  0.00883  0.00000  0.99117
1.7620  0.00882  0.00000  0.99118
1.7640  0.00889  0.00000  0.99111
1.7660  0.00889  0.00000  0.99111
1.7680  0.00823  0.00000  0.99177
1.7700  0.00863  0.00000  0.99137
1.7720  0.00811  0.00000  0.99189
1.7740  0.00828  0.00000  0.99172
1.7760  0.00878  0.00000  0.99122
1.7780  0.00804  0.00000  0.99196
1.7800  0.00818  0.00000  0.99182
1.7820  0.00839  0.00000  0.99161
1.7840  0.00852  0.00000  0.99148
1.7860  0.00812  0.00000  0.99188
1.7880  0.00846  0.00000  0.99154
1.7900  0.00821  0.00000  0.99179
1.7920  0.00839  0.00000  0.99161
1.7940  0.00821  0.00000  0.99179
1.7960  0.00842  0.00000  0.99158
1.7980  0.00838  0.00000  0.99162
1.8000  0.00808  0.00000  0.99192
1.8020  0.00769  0.00000  0.99231
1.8040  0.00837  0.00000  0.99163
1.8060  0.00806  0.00000  0.99194
1.8080  0.00857  0.00000  0.99143
1.8100  0.00802  0.00000  0.99198
1.8120  0.00767  0.00000  0.99233
1.8140  0.00803  0.00000  0.99197
1.8160  0.00819  0.00000  0.99181
1.8180  0.00744  0.00000  0.99256
1.8200  0.00807  0.00000  0.99193
1.8220  0.00805  0.00000  0.99195
1.8240  0.00827  0.00000  0.99173
1.8260  0.00788  0.00000  0.99212
1.8280  0.00777  0.00000  0.99223
1.8300  0.00772  0.00000  0.99228
1.8320  0.00734  0.00000  0.99266
1.8340  0.00751  0.00000  0.99249
1.8360  0.00747  0.00000  0.99253
1.8380  0.00752  0.00000  0.99248
1.8400  0.00769  0.00000  0.99231
1.8420  0.00756  0.00000  0.99244
1.8440  0.00769  0.00000  0.99231
1.8460  0.00823  0.00000  0.99177
1.8480  0.00774  0.00000  0.99226
1.8500  0.00748  0.00000  0.99252
1.8520  0.00709  0.00000  0.99291
1.8540  0.00766  0.00000  0.99234
1.8560  0.00745  0.00000  0.99255
1.8580  0.00779  0.00000  0.99221
1.8600  0.00745  0.00000  0.99255
1.8620  0.00778  0.00000  0.99222
1.8640  0.00764  0.00000  0.99236
1.8660  0.00734  0.00000  0.99266
1.8680  0.00730  0.00000  0.99270
1.8700  0.00723  0.00000  0.99277
1.8720  0.00730  0.00000  0.99270
1.8740  0.00786  0.00000  0.99214
1.8760  0.00735  0.00000  0.99265
1.8780  0.00719  0.00000  0.99281
1.8800  0.00719  0.00000  0.99281
1.8820  0.00759  0.00000  0.99241
1.8840  0.00726  0.00000  0.99274
1.8860  0.00770  0.00000  0.99230
1.8880  0.00756  0.00000  0.99244
1.8900  0.00746  0.00000  0.99254
1.8920  0.00739  0.00000  0.99261
1.8940  0.00718  0.00000  0.99282
1.8960  0.00728  0.00000  0.99272
1.8980  0.00722  0.00000  0.99278
1.9000  0.00691  0.00000  0.99309
1.9020  0.00707  0.00000  0.99293
1.9040  0.00717  0.00000  0.99283
1.9060  0.00736  0.00000  0.99264
1.9080  0.00735  0.00000  0.99265
1.9100  0.00712  0.00000  0.99288
1.9120  0.00698  0.00000  0.99302
1.9140  0.00664  0.00000  0.99336
1.9160  0.00667  0.00000  0.99333
1.9180  0.00729  0.00000  0.99271
1.9200  0.00724  0.00000  0.99276
1.9220  0.00630  0.00000  0.99370
1.9240  0.00691  0.00000  0.99309
1.9260  0.00729  0.00000  0.99271
1.9280  0.00682  0.00000  0.99318
1.9300  0.00647  0.00000  0.99353
1.9320  0.00684  0.00000  0.99316
1.9340  0.00687  0.00000  0.99313
1.9360  0.00691  0.00000  0.99309
1.9380  0.00716  0.00000  0.99284
1.9400  0.00703  0.00000  0.99297
1.9420  0.00707  0.00000  0.99293
1.9440  0.00665  0.00000  0.99335
1.9460  0.00680  0.00000  0.99320
1.9480  0.00667  0.00000  0.99333
1.9500  0.00651  0.00000  0.99349
1.9520  0.00662  0.00000  0.99338
1.9540  0.00717  0.00000  0.99283
1.9560  0.00647  0.00000  0.99353
1.9580  0.00701  0.00000  0.99299
1.9600  0.00652  0.00000  0.99348
1.9620  0.00658  0.00000  0.99342
1.9640  0.00650  0.00000  0.99350
1.9660  0.00648  0.00000  0.99352
1.9680  0.00654  0.00000  0.99346
1.9700  0.00653  0.00000  0.99347
1.9720  0.00650  0.00000  0.99350
1.9740  0.00666  0.00000  0.99334
1.9760  0.00661  0.00000  0.99339
1.9780  0.00658  0.00000  0.99342
1.9800  0.00680  0.00000  0.99320
1.9820  0.00673  0.00000  0.99327
1.9840  0.00645  0.00000  0.99355
1.9860  0.00661  0.00000  0.99339
1.9880  0.00639  0.00000  0.99361
1.9900  0.00661  0.00000  0.99339
1.9920  0.00606  0.00000  0.99394
1.9940  0.00640  0.00000  0.99360
1.9960  0.00661  0.00000  0.99339
1.9980  0.00628  0.00000  0.99372
2.0000  0.00635  0.00000  0.99365
