0.0000  0.50172  0.00000  0.49828
0.0020  0.50307  0.00000  0.49693
0.0040  0.49353  0.00000  0.50647
0.0060  0.49856  0.00000  0.50144
0.0080  0.49424  0.00000  0.50576
0.0100  0.49395  0.00000  0.50605
0.0120  0.49176  0.00000  0.50824
0.0140  0.49321  0.00000  0.50679
0.0160  0.48859  0.00000  0.51141
0.0180  0.49185  0.00000  0.50815
0.0200  0.49442  0.00000  0.50558
0.0220  0.48787  0.00000  0.51213
0.0240  0.48771  0.00000  0.51229
0.0260  0.48677  0.00000  0.51323
0.0280  0.48394  0.00000  0.51606
0.0300  0.48346  0.00000  0.51654
0.0320  0.48350  0.00000  0.51650
0.0340  0.48447  0.00000  0.51553
0.0360  0.48208  0.00000  0.51792
0.0380  0.47870  0.00000  0.52130
0.0400  0.48049  0.00000  0.51951
0.0420  0.47578  0.00000  0.52422
0.0440  0.47463  0.00000  0.52537
0.0460  0.47683  0.00000  0.52317
0.0480  0.47385  0.00000  0.52615
0.0500  0.47441  0.00000  0.52559
0.0520  0.47665  0.00000  0.52335
0.0540  0.47092  0.00000  0.52908
0.0560  0.47067  0.00000  0.52933
0.0580  0.46984  0.00000  0.53016
0.0600  0.46692  0.00000  0.53308
0.0620  0.46890  0.00000  0.53110
0.0640  0.46495  0.00000  0.53505
0.0660  0.46489  0.00000  0.53511
0.0680  0.46775  0.00000  0.53225
0.0700  0.46097  0.00000  0.53903
0.0720  0.46375  0.00000  0.53625
0.0740  0.46325  0.00000  0.53675
0.0760  0.46077  0.00000  0.53923
0.0780  0.46331  0.00000  0.53669
0.0800  0.46035  0.00000  0.53965
0.0820  0.46102  0.00000  0.53898
0.0840  0.45696  0.00000  0.54304
0.0860  0.45581  0.00000  0.54419
0.0880  0.45777  0.00000  0.54223
0.0900  0.45684  0.00000  0.54316
0.0920  0.45543  0.00000  0.54457
0.0940  0.45741  0.00000  0.54259
0.0960  0.45078  0.00000  0.54922
0.0980  0.45260  0.00000  0.54740
0.1000  0.45113  0.00000  0.54887
0.1020  0.45000  0.00000  0.55000
0.1040  0.44657  0.00000  0.55343
0.1060  0.44785  0.00000  0.55215
0.1080  0.44884  0.00000  0.55116
0.1100  0.44574  0.00000  0.55426
0.1120  0.44306  0.00000  0.55694
0.1140  0.44143  0.00000  0.55857
0.1160  0.44573  0.00000  0.55427
0.1180  0.44153  0.00000  0.55847
0.1200  0.43705  0.00000  0.56295
0.1220  0.43844  0.00000  0.56156
0.1240  0.43730  0.00000  0.56270
0.1260  0.43615  0.00000  0.56385
0.1280  0.43632  0.00000  0.56368
0.1300  0.43698  0.00000  0.56302
0.1320  0.43618  0.00000  0.56382
0.1340  0.43194  0.00000  0.56806
0.1360  0.43461  0.00000  0.56539
0.1380  0.43125  0.00000  0.56875
0.1400  0.43110  0.00000  0.56890
0.1420  0.43018  0.00000  0.56982
0.1440  0.43038  0.00000  0.56962
0.1460  0.42839  0.00000  0.57161
0.1480  0.42539  0.00000  0.57461
0.1500  0.42499  0.00000  0.57501
0.1520  0.42279  0.00000  0.57721
0.1540  0.42569  0.00000  0.57431
0.1560  0.41804  0.00000  0.58196
0.1580  0.41918  0.00000  0.58082
0.1600  0.42001  0.00000  0.57999
0.1620  0.42076  0.00000  0.57924
0.1640  0.41944  0.00000  0.58056
0.1660  0.41734  0.00000  0.58266
0.1680  0.41482  0.00000  0.58518
0.1700  0.41391  0.00000  0.58609
0.1720  0.41413  0.00000  0.58587
0.1740  0.41331  0.00000  0.58669
0.1760  0.41376  0.00000  0.58624
0.1780  0.40962  0.00000  0.59038
0.1800  0.41296  0.00000  0.58704
0.1820  0.40957  0.00000  0.59043
0.1840  0.41021  0.00000  0.58979
0.1860  0.40904  0.00000  0.59096
0.1880  0.41145  0.00000  0.58855
0.1900  0.40565  0.00000  0.59435
0.1920  0.40415  0.00000  0.59585
0.1940  0.40641  0.00000  0.59359
0.1960  0.40044  0.00000  0.59956
0.1980  0.40514  0.00000  0.59486
0.2000  0.39765  0.00000  0.60235
0.2020  0.40095  0.00000  0.59905
0.2040  0.40101  0.00000  0.59899
0.2060  0.39802  0.00000  0.60198
0.2080  0.39512  0.00000  0.60488
0.2100  0.39739  0.00000  0.60261
0.2120  0.39513  0.00000  0.60487
0.2140  0.39613  0.00000  0.60387
0.2160  0.39473  0.00000  0.60527
0.2180  0.39318  0.00000  0.60682
0.2200  0.39268  0.00000  0.60732
0.2220  0.38982  0.00000  0.61018
0.2240  0.39035  0.00000  0.60965
0.2260  0.38811  0.00000  0.61189
0.2280  0.38774  0.00000  0.61226
0.2300  0.38534  0.00000  0.61466
0.2320  0.38609  0.00000  0.61391
0.2340  0.38237  0.00000  0.61763
0.2360  0.38330  0.00000  0.61670
0.2380  0.38208  0.00000  0.61792
0.2400  0.38066  0.00000  0.61934
0.2420  0.37954  0.00000  0.62046
0.2440  0.38236  0.00000  0.61764
0.2460  0.37740  0.00000  0.62260
0.2480  0.37420  0.00000  0.62580
0.2500  0.37583  0.00000  0.62417
0.2520  0.37524  0.00000  0.62476
0.2540  0.37202  0.00000  0.62798
0.2560  0.37335  0.00000  0.62665
0.2580  0.37149  0.00000  0.62851
0.2600  0.36918  0.00000  0.63082
0.2620  0.36590  0.00000  0.63410
0.2640  0.36742  0.00000  0.63258
0.2660  0.36789  0.00000  0.63211
0.2680  0.36496  0.00000  0.63504
0.2700  0.36520  0.00000  0.63480
0.2720  0.36754  0.00000  0.63246
0.2740  0.36228  0.00000  0.63772
0.2760  0.36506  0.00000  0.63494
0.2780  0.36113  0.00000  0.63887
0.2800  0.36247  0.00000  0.63753
0.2820  0.36077  0.00000  0.63923
0.2840  0.36435  0.00000  0.63565
0.2860  0.35717  0.00000  0.64283
0.2880  0.35440  0.00000  0.64560
0.2900  0.35830  0.00000  0.64170
0.2920  0.35390  0.00000  0.64610
0.2940  0.35332  0.00000  0.64668
0.2960  0.35362  0.00000  0.64638
0.2980  0.35725  0.00000  0.64275
0.3000  0.35178  0.00000  0.64822
0.3020  0.35036  0.00000  0.64964
0.3040  0.35182  0.00000  0.64818
0.3060  0.34528  0.00000  0.65472
0.3080  0.34896  0.00000  0.65104
0.3100  0.34687  0.00000  0.65313
0.3120  0.34557  0.00000  0.65443
0.3140  0.34328  0.00000  0.65672
0.3160  0.34504  0.00000  0.65496
0.3180  0.34085  0.00000  0.65915
0.3200  0.34420  0.00000  0.65580
0.3220  0.34053  0.00000  0.65947
0.3240  0.33743  0.00000  0.66257
0.3260  0.33679  0.00000  0.66321
0.3280  0.33601  0.00000  0.66399
0.3300  0.33735  0.00000  0.66265
0.3320  0.33708  0.00000  0.66292
0.3340  0.33669  0.00000  0.66331
0.3360  0.33386  0.00000  0.66614
0.3380  0.33517  0.00000  0.66483
0.3400  0.33037  0.00000  0.66963
0.3420  0.33041  0.00000  0.66959
0.3440  0.32954  0.00000  0.67046
0.3460  0.33257  0.00000  0.66743
0.3480  0.32738  0.00000  0.67262
0.3500  0.32504  0.00000  0.67496
0.3520  0.32584  0.00000  0.67416
0.3540  0.32899  0.00000  0.67101
0.3560  0.31952  0.00000  0.68048
0.3580  0.32515  0.00000  0.67485
0.3600  0.32632  0.00000  0.67368
0.3620  0.32512  0.00000  0.67488
0.3640  0.31781  0.00000  0.68219
0.3660  0.31784  0.00000  0.68216
0.3680  0.31931  0.00000  0.68069
0.3700  0.31694  0.00000  0.68306
0.3720  0.31474  0.00000  0.68526
0.3740  0.31656  0.00000  0.68344
0.3760  0.30931  0.00000  0.69069
0.3780  0.31228  0.00000  0.68772
0.3800  0.31176  0.00000  0.68824
0.3820  0.31111  0.00000  0.68889
0.3840  0.31220  0.00000  0.68780
0.3860  0.30858  0.00000  0.69142
0.3880  0.30866  0.00000  0.69134
0.3900  0.30733  0.00000  0.69267
0.3920  0.30537  0.00000  0.69463
0.3940  0.30646  0.00000  0.69354
0.3960  0.30802  0.00000  0.69198
0.3980  0.30438  0.00000  0.69562
0.4000  0.30232  0.00000  0.69768
0.4020  0.30161  0.00000  0.69839
0.4040  0.29709  0.00000  0.70291
0.4060  0.29758  0.00000  0.70242
0.4080  0.29847  0.00000  0.70153
0.4100  0.29660  0.00000  0.70340
0.4120  0.29569  0.00000  0.70431
0.4140  0.29395  0.00000  0.70605
0.4160  0.29166  0.00000  0.70834
0.4180  0.29408  0.00000  0.70592
0.4200  0.29602  0.00000  0.70398
0.4220  0.28854  0.00000  0.71146
0.4240  0.29046  0.00000  0.70954
0.4260  0.29266  0.00000  0.70734
0.4280  0.28561  0.00000  0.71439
0.4300  0.28871  0.00000  0.71129
0.4320  0.28674  0.00000  0.71326
0.4340  0.28625  0.00000  0.71375
0.4360  0.28734  0.00000  0.71266
0.4380  0.28605  0.00000  0.71395
0.4400  0.28588  0.00000  0.71412
0.4420  0.27880  0.00000  0.72120
0.4440  0.27859  0.00000  0.72141
0.4460  0.27675  0.00000  0.72325
0.4480  0.28007  0.00000  0.71993
0.4500  0.28086  0.00000  0.71914
0.4520  0.28168  0.00000  0.71832
0.4540  0.27587  0.00000  0.72413
0.4560  0.27281  0.00000  0.72719
0.4580  0.27452  0.00000  0.72548
0.4600  0.27526  0.00000  0.72474
0.4620  0.27410  0.00000  0.72590
0.4640  0.27259  0.00000  0.72741
0.4660  0.27162  0.00000  0.72838
0.4680  0.26833  0.00000  0.73167
0.4700  0.26931  0.00000  0.73069
0.4720  0.26849  0.00000  0.73151
0.4740  0.27046  0.00000  0.72954
0.4760  0.26546  0.00000  0.73454
0.4780  0.26672  0.00000  0.73328
0.4800  0.26605  0.00000  0.73395
0.4820  0.26170  0.00000  0.73830
0.4840  0.26428  0.00000  0.73572
0.4860  0.26555  0.00000  0.73445
0.4880  0.26015  0.00000  0.73985
0.4900  0.25784  0.00000  0.74216
0.4920  0.25980  0.00000  0.74020
0.4940  0.25561  0.00000  0.74439
0.4960  0.25634  0.00000  0.74366
0.4980  0.25692  0.00000  0.74308
0.5000  0.25392  0.00000  0.74608
0.5020  0.25517  0.00000  0.74483
0.5040  0.25465  0.00000  0.74535
0.5060  0.25283  0.00000  0.74717
0.5080  0.25115  0.00000  0.74885
0.5100  0.25031  0.00000  0.74969
0.5120  0.25276  0.00000  0.74724
0.5140  0.25161  0.00000  0.74839
0.5160  0.24721  0.00000  0.75279
0.5180  0.24744  0.00000  0.75256
0.5200  0.24647  0.00000  0.75353
0.5220  0.24405  0.00000  0.75595
0.5240  0.24308  0.00000  0.75692
0.5260  0.24336  0.00000  0.75664
0.5280  0.24057  0.00000  0.75943
0.5300  0.24126  0.00000  0.75874
0.5320  0.24021  0.00000  0.75979
0.5340  0.23707  0.00000  0.76293
0.5360  0.23646  0.00000  0.76354
0.5380  0.23919  0.00000  0.76081
0.5400  0.23680  0.00000  0.76320
0.5420  0.23529  0.00000  0.76471
0.5440  0.23718  0.00000  0.76282
0.5460  0.23199  0.00000  0.76801
0.5480  0.23484  0.00000  0.76516
0.5500  0.23553  0.00000  0.76447
0.5520  0.23223  0.00000  0.76777
0.5540  0.22999  0.00000  0.77001
0.5560  0.22807  0.00000  0.77193
0.5580  0.23151  0.00000  0.76849
0.5600  0.22694  0.00000  0.77306
0.5620  0.22763  0.00000  0.77237
0.5640  0.22608  0.00000  0.77392
0.5660  0.22450  0.00000  0.77550
0.5680  0.22428  0.00000  0.77572
0.5700  0.22127  0.00000  0.77873
0.5720  0.22193  0.00000  0.77807
0.5740  0.21965  0.00000  0.78035
0.5760  0.22064  0.00000  0.77936
0.5780  0.21855  0.00000  0.78145
0.5800  0.21690  0.00000  0.78310
0.5820  0.21673  0.00000  0.78327
0.5840  0.21665  0.00000  0.78335
0.5860  0.21472  0.00000  0.78528
0.5880  0.21364  0.00000  0.78636
0.5900  0.21145  0.00000  0.78855
0.5920  0.21224  0.00000  0.78776
0.5940  0.21013  0.00000  0.78987
0.5960  0.20947  0.00000  0.79053
0.5980  0.20792  0.00000  0.79208
0.6000  0.20605  0.00000  0.79395
0.6020  0.20632  0.00000  0.79368
0.6040  0.20403  0.00000  0.79597
0.6060  0.20442  0.00000  0.79558
0.6080  0.20382  0.00000  0.79618
0.6100  0.20441  0.00000  0.79559
0.6120  0.20190  0.00000  0.79810
0.6140  0.19846  0.00000  0.80154
0.6160  0.20088  0.00000  0.79912
0.6180  0.19966  0.00000  0.80034
0.6200  0.20147  0.00000  0.79853
0.6220  0.19756  0.00000  0.80244
0.6240  0.19687  0.00000  0.80313
0.6260  0.19811  0.00000  0.80189
0.6280  0.19552  0.00000  0.80448
0.6300  0.19678  0.00000  0.80322
0.6320  0.19115  0.00000  0.80885
0.6340  0.19082  0.00000  0.80918
0.6360  0.19344  0.00000  0.80656
0.6380  0.19419  0.00000  0.80581
0.6400  0.19212  0.00000  0.80788
0.6420  0.18906  0.00000  0.81094
0.6440  0.18998  0.00000  0.81002
0.6460  0.18861  0.00000  0.81139
0.6480  0.18727  0.00000  0.81273
0.6500  0.18416  0.00000  0.81584
0.6520  0.18639  0.00000  0.81361
0.6540  0.18342  0.00000  0.81658
0.6560  0.18083  0.00000  0.81917
0.6580  0.18209  0.00000  0.81791
0.6600  0.18318  0.00000  0.81682
0.6620  0.18048  0.00000  0.81952
0.6640  0.17990  0.00000  0.82010
0.6660  0.17826  0.00000  0.82174
0.6680  0.17693  0.00000  0.82307
0.6700  0.17601  0.00000  0.82399
0.6720  0.17506  0.00000  0.82494
0.6740  0.17073  0.00000  0.82927
0.6760  0.17416  0.00000  0.82584
0.6780  0.17372  0.00000  0.82628
0.6800  0.17350  0.00000  0.82650
0.6820  0.16884  0.00000  0.83116
0.6840  0.16860  0.00000  0.83140
0.6860  0.16934  0.00000  0.83066
0.6880  0.16676  0.00000  0.83324
0.6900  0.16864  0.00000  0.83136
0.6920  0.16533  0.00000  0.83467
0.6940  0.16625  0.00000  0.83375
0.6960  0.16319  0.00000  0.83681
0.6980  0.16207  0.00000  0.83793
0.7000  0.16199  0.00000  0.83801
0.7020  0.16414  0.00000  0.83586
0.7040  0.15923  0.00000  0.84077
0.7060  0.15680  0.00000  0.84320
0.7080  0.15995  0.00000  0.84005
0.7100  0.15547  0.00000  0.84453
0.7120  0.15506  0.00000  0.84494
0.7140  0.15652  0.00000  0.84348
0.7160  0.15408  0.00000  0.84592
0.7180  0.15667  0.00000  0.84333
0.7200  0.15196  0.00000  0.84804
0.7220  0.15157  0.00000  0.84843
0.7240  0.14987  0.00000  0.85013
0.7260  0.15061  0.00000  0.84939
0.7280  0.14931  0.00000  0.85069
0.7300  0.14621  0.00000  0.85379
0.7320  0.14900  0.00000  0.85100
0.7340  0.14403  0.00000  0.85597
0.7360  0.14522  0.00000  0.85478
0.7380  0.14603  0.00000  0.85397
0.7400  0.14453  0.00000  0.85547
0.7420  0.14303  0.00000  0.85697
0.7440  0.14230  0.00000  0.85770
0.7460  0.14016  0.00000  0.85984
0.7480  0.13973  0.00000  0.86027
0.7500  0.13921  0.00000  0.86079
0.7520  0.13741  0.00000  0.86259
0.7540  0.13742  0.00000  0.86258
0.7560  0.13456  0.00000  0.86544
0.7580  0.13442  0.00000  0.86558
0.7600  0.13451  0.00000  0.86549
0.7620  0.13525  0.00000  0.86475
0.7640  0.12972  0.00000  0.87028
0.7660  0.13195  0.00000  0.86805
0.7680  0.13028  0.00000  0.86972
0.7700  0.12741  0.00000  0.87259
0.7720  0.12779  0.00000  0.87221
0.7740  0.12804  0.00000  0.87196
0.7760  0.12484  0.00000  0.87516
0.7780  0.12776  0.00000  0.87224
0.7800  0.12669  0.00000  0.87331
0.7820  0.12268  0.00000  0.87732
0.7840  0.12186  0.00000  0.87814
0.7860  0.12438  0.00000  0.87562
0.7880  0.11936  0.00000  0.88064
0.7900  0.11782  0.00000  0.88218
0.7920  0.12006  0.00000  0.87994
0.7940  0.11673  0.00000  0.88327
0.7960  0.11596  0.00000  0.88404
0.7980  0.11396  0.00000  0.88604
0.8000  0.11598  0.00000  0.88402
0.8020  0.11423  0.00000  0.88577
0.8040  0.11292  0.00000  0.88708
0.8060  0.11163  0.00000  0.88837
0.8080  0.10941  0.00000  0.89059
0.8100  0.10585  0.00000  0.89415
0.8120  0.11062  0.00000  0.88938
0.8140  0.10614  0.00000  0.89386
0.8160  0.10618  0.00000  0.89382
0.8180  0.10485  0.00000  0.89515
0.8200  0.10291  0.00000  0.89709
0.8220  0.10368  0.00000  0.89632
0.8240  0.10111  0.00000  0.89889
0.8260  0.10091  0.00000  0.89909
0.8280  0.10017  0.00000  0.89983
0.8300  0.10153  0.00000  0.89847
0.8320  0.09604  0.00000  0.90396
0.8340  0.09692  0.00000  0.90308
0.8360  0.09643  0.00000  0.90357
0.8380  0.09388  0.00000  0.90612
0.8400  0.09146  0.00000  0.90854
0.8420  0.09284  0.00000  0.90716
0.8440  0.09187  0.00000  0.90813
0.8460  0.08960  0.00000  0.91040
0.8480  0.08804  0.00000  0.91196
0.8500  0.08526  0.00000  0.91474
0.8520  0.08482  0.00000  0.91518
0.8540  0.08313  0.00000  0.91687
0.8560  0.08117  0.00000  0.91883
0.8580  0.08402  0.00000  0.91598
0.8600  0.08160  0.00000  0.91840
0.8620  0.07851  0.00000  0.92149
0.8640  0.07650  0.00000  0.92350
0.8660  0.07562  0.00000  0.92438
0.8680  0.07507  0.00000  0.92493
0.8700  0.07073  0.00000  0.92927
0.8720  0.07145  0.00000  0.92855
0.8740  0.07193  0.00000  0.92807
0.8760  0.07014  0.00000  0.92986
0.8780  0.06716  0.00000  0.93284
0.8800  0.06627  0.00000  0.93373
0.8820  0.06588  0.00000  0.93412
0.8840  0.06417  0.00000  0.93583
0.8860  0.06265  0.00000  0.93735
0.8880  0.06055  0.00000  0.93945
0.8900  0.06130  0.00000  0.93870
0.8920  0.06193  0.00000  0.93807
0.8940  0.05863  0.00000  0.94137
0.8960  0.05693  0.00000  0.94307
0.8980  0.05615  0.00000  0.94385
0.9000  0.05580  0.00000  0.94420
0.9020  0.05314  0.00000  0.94686
0.9040  0.05404  0.00000  0.94596
0.9060  0.05449  0.00000  0.94551
0.9080  0.05258  0.00000  0.94742
0.9100  0.05211  0.00000  0.94789
0.9120  0.05106  0.00000  0.94894
0.9140  0.04996  0.00000  0.95004
0.9160  0.04835  0.00000  0.95165
0.9180  0.04928  0.00000  0.95072
0.9200  0.04802  0.00000  0.95198
0.9220  0.04829  0.00000  0.95171
0.9240  0.04691  0.00000  0.95309
0.9260  0.04688  0.00000  0.95312
0.9280  0.04565  0.00000  0.95435
0.9300  0.04372  0.00000  0.95628
0.9320  0.04414  0.00000  0.95586
0.9340  0.04235  0.00000  0.95765
0.9360  0.04295  0.00000  0.95705
0.9380  0.04156  0.00000  0.95844
0.9400  0.04218  0.00000  0.95782
0.9420  0.03999  0.00000  0.96001
0.9440  0.04061  0.00000  0.95939
0.9460  0.04126  0.00000  0.95874
0.9480  0.03925  0.00000  0.96075
0.9500  0.03746  0.00000  0.96254
0.9520  0.03755  0.00000  0.96245
0.9540  0.03907  0.00000  0.96093
0.9560  0.03828  0.00000  0.96172
0.9580  0.03688  0.00000  0.96312
0.9600  0.03724  0.00000  0.96276
0.9620  0.03593  0.00000  0.96407
0.9640  0.03541  0.00000  0.96459
0.9660  0.03521  0.00000  0.96479
0.9680  0.03419  0.00000  0.96581
0.9700  0.03402  0.00000  0.96598
0.9720  0.03369  0.00000  0.96631
0.9740  0.03364  0.00000  0.96636
0.9760  0.03308  0.00000  0.96692
0.9780  0.03300  0.00000  0.96700
0.9800  0.03236  0.00000  0.96764
0.9820  0.03109  0.00000  0.96891
0.9840  0.03123  0.00000  0.96877
0.9860  0.03146  0.00000  0.96854
0.9880  0.03130  0.00000  0.96870
0.9900  0.03022  0.00000  0.96978
0.9920  0.02970  0.00000  0.97030
0.9940  0.02967  0.00000  0.97033
0.9960  0.03043  0.00000  0.96957
0.9980  0.02981  0.00000  0.97019
1.0000  0.03036  0.00000  0.96964
1.0020  0.02866  0.00000  0.97134
1.0040  0.02886  0.00000  0.97114
1.0060  0.02788  0.00000  0.97212
1.0080  0.02751  0.00000  0.97249
1.0100  0.02750  0.00000  0.97250
1.0120  0.02694  0.00000  0.97306
1.0140  0.02710  0.00000  0.97290
1.0160  0.02636  0.00000  0.97364
1.0180  0.02604  0.00000  0.97396
1.0200  0.02606  0.00000  0.97394
1.0220  0.02588  0.00000  0.97412
1.0240  0.02544  0.00000  0.97456
1.0260  0.02527  0.00000  0.97473
1.0280  0.02494  0.00000  0.97506
1.0300  0.02449  0.00000  0.97551
1.0320  0.02409  0.00000  0.97591
1.0340  0.02428  0.00000  0.97572
1.0360  0.02374  0.00000  0.97626
1.0380  0.02447  0.00000  0.97553
1.0400  0.02347  0.00000  0.97653
1.0420  0.02344  0.00000  0.97656
1.0440  0.02351  0.00000  0.97649
1.0460  0.02245  0.00000  0.97755
1.0480  0.02253  0.00000  0.97747
1.0500  0.02233  0.00000  0.97767
1.0520  0.02225  0.00000  0.97775
1.0540  0.02175  0.00000  0.97825
1.0560  0.02206  0.00000  0.97794
1.0580  0.02164  0.00000  0.97836
1.0600  0.02140  0.00000  0.97860
1.0620  0.02137  0.00000  0.97863
1.0640  0.02122  0.00000  0.97878
1.0660  0.02065  0.00000  0.97935
1.0680  0.02039  0.00000  0.97961
1.0700  0.02017  0.00000  0.97983
1.0720  0.02027  0.00000  0.97973
1.0740  0.02048  0.00000  0.97952
1.0760  0.02011  0.00000  0.97989
1.0780  0.01930  0.00000  0.98070
1.0800  0.01965  0.00000  0.98035
1.0820  0.01895  0.00000  0.98105
1.0840  0.01887  0.00000  0.98113
1.0860  0.01874  0.00000  0.98126
1.0880  0.01881  0.00000  0.98119
1.0900  0.01833  0.00000  0.98167
1.0920  0.01853  0.00000  0.98147
1.0940  0.01855  0.00000  0.98145
1.0960  0.01809  0.00000  0.98191
1.0980  0.01820  0.00000  0.98180
1.1000  0.01792  0.00000  0.98208
1.1020  0.01751  0.00000  0.98249
1.1040  0.01775  0.00000  0.98225
1.1060  0.01741  0.00000  0.98259
1.1080  0.01735  0.00000  0.98265
1.1100  0.01710  0.00000  0.98290
1.1120  0.01685  0.00000  0.98315
1.1140  0.01717  0.00000  0.98283
1.1160  0.01677  0.00000  0.98323
1.1180  0.01647  0.00000  0.98353
1.1200  0.01626  0.00000  0.98374
1.1220  0.01621  0.00000  0.98379
1.1240  0.01562  0.00000  0.98438
1.1260  0.01584  0.00000  0.98416
1.1280  0.01616  0.00000  0.98384
1.1300  0.01546  0.00000  0.98454
1.1320  0.01579  0.00000  0.98421
1.1340  0.01562  0.00000  0.98438
1.1360  0.01527  0.00000  0.98473
1.1380  0.01465  0.00000  0.98535
1.1400  0.01484  0.00000  0.98516
1.1420  0.01513  0.00000  0.98487
1.1440  0.01464  0.00000  0.98536
1.1460  0.01447  0.00000  0.98553
1.1480  0.01464  0.00000  0.98536
1.1500  0.01416  0.00000  0.98584
1.1520  0.01384  0.00000  0.98616
1.1540  0.01428  0.00000  0.98572
1.1560  0.01408  0.00000  0.98592
1.1580  0.01381  0.00000  0.98619
1.1600  0.01408  0.00000  0.98592
1.1620  0.01402  0.00000  0.98598
1.1640  0.01324  0.00000  0.98676
1.1660  0.01353  0.00000  0.98647
1.1680  0.01332  0.00000  0.98668
1.1700  0.01318  0.00000  0.98682
1.1720  0.01303  0.00000  0.98697
1.1740  0.01297  0.00000  0.98703
1.1760  0.01294  0.00000  0.98706
1.1780  0.01278  0.00000  0.98722
1.1800  0.01225  0.00000  0.98775
1.1820  0.01249  0.00000  0.98751
1.1840  0.01230  0.00000  0.98770
1.1860  0.01283  0.00000  0.98717
1.1880  0.01295  0.00000  0.98705
1.1900  0.01241  0.00000  0.98759
1.1920  0.01203  0.00000  0.98797
1.1940  0.01151  0.00000  0.98849
1.1960  0.01169  0.00000  0.98831
1.1980  0.01175  0.00000  0.98825
1.2000  0.01208  0.00000  0.98792
1.2020  0.01185  0.00000  0.98815
1.2040  0.01231  0.00000  0.98769
1.2060  0.01129  0.00000  0.98871
1.2080  0.01158  0.00000  0.98842
1.2100  0.01179  0.00000  0.98821
1.2120  0.01169  0.00000  0.98831
1.2140  0.01126  0.00000  0.98874
1.2160  0.01137  0.00000  0.98863
1.2180  0.01094  0.00000  0.98906
1.2200  0.01100  0.00000  0.98900
1.2220  0.01120  0.00000  0.98880
1.2240  0.01058  0.00000  0.98942
1.2260  0.01103  0.00000  0.98897
1.2280  0.01065  0.00000  0.98935
1.2300  0.01067  0.00000  0.98933
1.2320  0.01079  0.00000  0.98921
1.2340  0.01033  0.00000  0.98967
1.2360  0.01017  0.00000  0.98983
1.2380  0.00997  0.00000  0.99003
1.2400  0.01019  0.00000  0.98981
1.2420  0.01022  0.00000  0.98978
1.2440  0.01023  0.00000  0.98977
1.2460  0.01010  0.00000  0.98990
1.2480  0.01006  0.00000  0.98994
1.2500  0.01018  0.00000  0.98982
1.2520  0.01010  0.00000  0.98990
1.2540  0.01008  0.00000  0.98992
1.2560  0.00969  0.00000  0.99031
1.2580  0.00984  0.00000  0.99016
1.2600  0.01009  0.00000  0.98991
1.2620  0.00981  0.00000  0.99019
1.2640  0.00919  0.00000  0.99081
1.2660  0.00943  0.00000  0.99057
1.2680  0.00934  0.00000  0.99066
1.2700  0.00876  0.00000  0.99124
1.2720  0.00927  0.00000  0.99073
1.2740  0.00921  0.00000  0.99079
1.2760  0.00897  0.00000  0.99103
1.2780  0.00892  0.00000  0.99108
1.2800  0.00893  0.00000  0.99107
1.2820  0.00880  0.00000  0.99120
1.2840  0.00884  0.00000  0.99116
1.2860  0.00851  0.00000  0.99149
1.2880  0.00859  0.00000  0.99141
1.2900  0.00882  0.00000  0.99118
1.2920  0.00854  0.00000  0.99146
1.2940  0.00821  0.00000  0.99179
1.2960  0.00852  0.00000  0.99148
1.2980  0.00827  0.00000  0.99173
1.3000  0.00837  0.00000  0.99163
1.3020  0.00844  0.00000  0.99156
1.3040  0.00836  0.00000  0.99164
1.3060  0.00795  0.00000  0.99205
1.3080  0.00811  0.00000  0.99189
1.3100  0.00825  0.00000  0.99175
1.3120  0.00742  0.00000  0.99258
1.3140  0.00800  0.00000  0.99200
1.3160  0.00835  0.00000  0.99165
1.3180  0.00769  0.00000  0.99231
1.3200  0.00772  0.00000  0.99228
1.3220  0.00809  0.00000  0.99191
1.3240  0.00770  0.00000  0.99230
1.3260  0.00802  0.00000  0.99198
1.3280  0.00771  0.00000  0.99229
1.3300  0.00747  0.00000  0.99253
1.3320  0.00769  0.00000  0.99231
1.3340  0.00729  0.00000  0.99271
1.3360  0.00765  0.00000  0.99235
1.3380  0.00744  0.00000  0.99256
1.3400  0.00746  0.00000  0.99254
1.3420  0.00761  0.00000  0.99239
1.3440  0.00726  0.00000  0.99274
1.3460  0.00684  0.00000  0.99316
1.3480  0.00711  0.00000  0.99289
1.3500  0.00698  0.00000  0.99302
1.3520  0.00749  0.00000  0.99251
1.3540  0.00707  0.00000  0.99293
1.3560  0.00698  0.00000  0.99302
1.3580  0.00690  0.00000  0.99310
1.3600  0.00693  0.00000  0.99307
1.3620  0.00691  0.00000  0.99309
1.3640  0.00709  0.00000  0.99291
1.3660  0.00637  0.00000  0.99363
1.3680  0.00650  0.00000  0.99350
1.3700  0.00676  0.00000  0.99324
1.3720  0.00668  0.00000  0.99332
1.3740  0.00650  0.00000  0.99350
1.3760  0.00669  0.00000  0.99331
1.3780  0.00606  0.00000  0.99394
1.3800  0.00686  0.00000  0.99314
1.3820  0.00643  0.00000  0.99357
1.3840  0.00653  0.00000  0.99347
1.3860  0.00649  0.00000  0.99351
1.3880  0.00611  0.00000  0.99389
1.3900  0.00612  0.00000  0.99388
1.3920  0.00656  0.00000  0.99344
1.3940  0.00619  0.00000  0.99381
1.3960  0.00622  0.00000  0.99378
1.3980  0.00633  0.00000  0.99367
1.4000  0.00605  0.00000  0.99395
1.4020  0.00574  0.00000  0.99426
1.4040  0.00611  0.00000  0.99389
1.4060  0.00611  0.00000  0.99389
1.4080  0.00590  0.00000  0.99410
1.4100  0.00544  0.00000  0.99456
1.4120  0.00600  0.00000  0.99400
1.4140  0.00547  0.00000  0.99453
1.4160  0.00589  0.00000  0.99411
1.4180  0.00583  0.00000  0.99417
1.4200  0.00567  0.00000  0.99433
1.4220  0.00572  0.00000  0.99428
1.4240  0.00558  0.00000  0.99442
1.4260  0.00605  0.00000  0.99395
1.4280  0.00547  0.00000  0.99453
1.4300  0.00577  0.00000  0.99423
1.4320  0.00565  0.00000  0.99435
1.4340  0.00589  0.00000  0.99411
1.4360  0.00524  0.00000  0.99476
1.4380  0.00555  0.00000  0.99445
1.4400  0.00556  0.00000  0.99444
1.4420  0.00573  0.00000  0.99427
1.4440  0.00553  0.00000  0.99447
1.4460  0.00547  0.00000  0.99453
1.4480  0.00550  0.00000  0.99450
1.4500  0.00550  0.00000  0.99450
1.4520  0.00564  0.00000  0.99436
1.4540  0.00551  0.00000  0.99449
1.4560  0.00527  0.00000  0.99473
1.4580  0.00527  0.00000  0.99473
1.4600  0.00495  0.00000  0.99505
1.4620  0.00529  0.00000  0.99471
1.4640  0.00532  0.00000  0.99468
1.4660  0.00514  0.00000  0.99486
1.4680  0.00546  0.00000  0.99454
1.4700  0.00524  0.00000  0.99476
1.4720  0.00505  0.00000  0.99495
1.4740  0.00495  0.00000  0.99505
1.4760  0.00514  0.00000  0.99486
1.4780  0.00526  0.00000  0.99474
1.4800  0.00492  0.00000  0.99508
1.4820  0.00499  0.00000  0.99501
1.4840  0.00478  0.00000  0.99522
1.4860  0.00492  0.00000  0.99508
1.4880  0.00491  0.00000  0.99509
1.4900  0.00485  0.00000  0.99515
1.4920  0.00520  0.00000  0.99480
1.4940  0.00495  0.00000  0.99505
1.4960  0.00488  0.00000  0.99512
1.4980  0.00487  0.00000  0.99513
1.5000  0.00493  0.00000  0.99507
1.5020  0.00511  0.00000  0.99489
1.5040  0.00487  0.00000  0.99513
1.5060  0.00478  0.00000  0.99522
1.5080  0.00463  0.00000  0.99537
1.5100  0.00454  0.00000  0.99546
1.5120  0.00477  0.00000  0.99523
1.5140  0.00472  0.00000  0.99528
1.5160  0.00437  0.00000  0.99563
1.5180  0.00460  0.00000  0.99540
1.5200  0.00453  0.00000  0.99547
1.5220  0.00507  0.00000  0.99493
1.5240  0.00479  0.00000  0.99521
1.5260  0.00396  0.00000  0.99604
1.5280  0.00491  0.00000  0.99509
1.5300  0.00472  0.00000  0.99528
1.5320  0.00458  0.00000  0.99542
1.5340  0.00426  0.00000  0.99574
1.5360  0.00481  0.00000  0.99519
1.5380  0.00474  0.00000  0.99526
1.5400  0.00427  0.00000  0.99573
1.5420  0.00485  0.00000  0.99515
1.5440  0.00418  0.00000  0.99582
1.5460  0.00439  0.00000  0.99561
1.5480  0.00444  0.00000  0.99556
1.5500  0.00441  0.00000  0.99559
1.5520  0.00456  0.00000  0.99544
1.5540  0.00404  0.00000  0.99596
1.5560  0.00442  0.00000  0.99558
1.5580  0.00462  0.00000  0.99538
1.5600  0.00425  0.00000  0.99575
1.5620  0.00423  0.00000  0.99577
1.5640  0.00397  0.00000  0.99603
1.5660  0.00390  0.00000  0.99610
1.5680  0.00409  0.00000  0.99591
1.5700  0.00466  0.00000  0.99534
1.5720  0.00409  0.00000  0.99591
1.5740  0.00420  0.00000  0.99580
1.5760  0.00395  0.00000  0.99605
1.5780  0.00366  0.00000  0.99634
1.5800  0.00402  0.00000  0.99598
1.5820  0.00400  0.00000  0.99600
1.5840  0.00425  0.00000  0.99575
1.5860  0.00431  0.00000  0.99569
1.5880  0.00362  0.00000  0.99638
1.5900  0.00384  0.00000  0.99616
1.5920  0.00417  0.00000  0.99583
1.5940  0.00387  0.00000  0.99613
1.5960  0.00424  0.00000  0.99576
1.5980  0.00398  0.00000  0.99602
1.6000  0.00382  0.00000  0.99618
1.6020  0.00398  0.00000  0.99602
1.6040  0.00353  0.00000  0.99647
1.6060  0.00365  0.00000  0.99635
1.6080  0.00358  0.00000  0.99642
1.6100  0.00348  0.00000  0.99652
1.6120  0.00406  0.00000  0.99594
1.6140  0.00374  0.00000  0.99626
1.6160  0.00354  0.00000  0.99646
1.6180  0.00358  0.00000  0.99642
1.6200  0.00369  0.00000  0.99631
1.6220  0.00370  0.00000  0.99630
1.6240  0.00364  0.00000  0.99636
1.6260  0.00399  0.00000  0.99601
1.6280  0.00408  0.00000  0.99592
1.6300  0.00413  0.00000  0.99587
1.6320  0.00386  0.00000  0.99614
1.6340  0.00354  0.00000  0.99646
1.6360  0.00359  0.00000  0.99641
1.6380  0.00355  0.00000  0.99645
1.6400  0.00361  0.00000  0.99639
1.6420  0.00340  0.00000  0.99660
1.6440  0.00382  0.00000  0.99618
1.6460  0.00297  0.00000  0.99703
1.6480  0.00369  0.00000  0.99631
1.6500  0.00341  0.00000  0.99659
1.6520  0.00348  0.00000  0.99652
1.6540  0.00384  0.00000  0.99616
1.6560  0.00341  0.00000  0.99659
1.6580  0.00361  0.00000  0.99639
1.6600  0.00345  0.00000  0.99655
1.6620  0.00351  0.00000  0.99649
1.6640  0.00335  0.00000  0.99665
1.6660  0.00353  0.00000  0.99647
1.6680  0.00319  0.00000  0.99681
1.6700  0.00325  0.00000  0.99675
1.6720  0.00346  0.00000  0.99654
1.6740  0.00325  0.00000  0.99675
1.6760  0.00396  0.00000  0.99604
1.6780  0.00368  0.00000  0.99632
1.6800  0.00335  0.00000  0.99665
1.6820  0.00356  0.00000  0.99644
1.6840  0.00339  0.00000  0.99661
1.6860  0.00359  0.00000  0.99641
1.6880  0.00353  0.00000  0.99647
1.6900  0.00301  0.00000  0.99699
1.6920  0.00319  0.00000  0.99681
1.6940  0.00344  0.00000  0.99656
1.6960  0.00305  0.00000  0.99695
1.6980  0.00306  0.00000  0.99694
1.7000  0.00333  0.00000  0.99667
1.7020  0.00306  0.00000  0.99694
1.7040  0.00324  0.00000  0.99676
1.7060  0.00333  0.00000  0.99667
1.7080  0.00297  0.00000  0.99703
1.7100  0.00297  0.00000  0.99703
1.7120  0.00322  0.00000  0.99678
1.7140  0.00314  0.00000  0.99686
1.7160  0.00304  0.00000  0.99696
1.7180  0.00309  0.00000  0.99691
1.7200  0.00323  0.00000  0.99677
1.7220  0.00312  0.00000  0.99688
1.7240  0.00314  0.00000  0.99686
1.7260  0.00305  0.00000  0.99695
1.7280  0.00315  0.00000  0.99685
1.7300  0.00297  0.00000  0.99703
1.7320  0.00298  0.00000  0.99702
1.7340  0.00336  0.00000  0.99664
1.7360  0.00298  0.00000  0.99702
1.7380  0.00321  0.00000  0.99679
1.7400  0.00284  0.00000  0.99716
1.7420  0.00279  0.00000  0.99721
1.7440  0.00310  0.00000  0.99690
1.7460  0.00271  0.00000  0.99729
1.7480  0.00298  0.00000  0.99702
1.7500  0.00264  0.00000  0.99736
1.7520  0.00268  0.00000  0.99732
1.7540  0.00309  0.00000  0.99691
1.7560  0.00319  0.00000  0.99681
1.7580  0.00275  0.00000  0.99725
1.7600  0.00305  0.00000  0.99695
1.7620  0.00282  0.00000  0.99718
1.7640  0.00292  0.00000  0.99708
1.7660  0.00326  0.00000  0.99674
1.7680  0.00296  0.00000  0.99704
1.7700  0.00282  0.00000  0.99718
1.7720  0.00296  0.00000  0.99704
1.7740  0.00288  0.00000  0.99712
1.7760  0.00303  0.00000  0.99697
1.7780  0.00275  0.00000  0.99725
1.7800  0.00273  0.00000  0.99727
1.7820  0.00318  0.00000  0.99682
1.7840  0.00283  0.00000  0.99717
1.7860  0.00299  0.00000  0.99701
1.7880  0.00296  0.00000  0.99704
1.7900  0.00290  0.00000  0.99710
1.7920  0.00277  0.00000  0.99723
1.7940  0.00277  0.00000  0.99723
1.7960  0.00274  0.00000  0.99726
1.7980  0.00295  0.00000  0.99705
1.8000  0.00261  0.00000  0.99739
1.8020  0.00287  0.00000  0.99713
1.8040  0.00271  0.00000  0.99729
1.8060  0.00305  0.00000  0.99695
1.8080  0.00284  0.00000  0.99716
1.8100  0.00287  0.00000  0.99713
1.8120  0.00274  0.00000  0.99726
1.8140  0.00262  0.00000  0.99738
1.8160  0.00269  0.00000  0.99731
1.8180  0.00274  0.00000  0.99726
1.8200  0.00290  0.00000  0.99710
1.8220  0.00284  0.00000  0.99716
1.8240  0.00294  0.00000  0.99706
1.8260  0.00275  0.00000  0.99725
1.8280  0.00270  0.00000  0.99730
1.8300  0.00261  0.00000  0.99739
1.8320  0.00236  0.00000  0.99764
1.8340  0.00299  0.00000  0.99701
1.8360  0.00297  0.00000  0.99703
1.8380  0.00255  0.00000  0.99745
1.8400  0.00265  0.00000  0.99735
1.8420  0.00264  0.00000  0.99736
1.8440  0.00273  0.00000  0.99727
1.8460  0.00263  0.00000  0.99737
1.8480  0.00285  0.00000  0.99715
1.8500  0.00266  0.00000  0.99734
1.8520  0.00273  0.00000  0.99727
1.8540  0.00273  0.00000  0.99727
1.8560  0.00263  0.00000  0.99737
1.8580  0.00271  0.00000  0.99729
1.8600  0.00300  0.00000  0.99700
1.8620  0.00290  0.00000  0.99710
1.8640  0.00267  0.00000  0.99733
1.8660  0.00255  0.00000  0.99745
1.8680  0.00251  0.00000  0.99749
1.8700  0.00277  0.00000  0.99723
1.8720  0.00272  0.00000  0.99728
1.8740  0.00258  0.00000  0.99742
1.8760  0.00263  0.00000  0.99737
1.8780  0.00273  0.00000  0.99727
1.8800  0.00238  0.00000  0.99762
1.8820  0.00280  0.00000  0.99720
1.8840  0.00277  0.00000  0.99723
1.8860  0.00250  0.00000  0.99750
1.8880  0.00236  0.00000  0.99764
1.8900  0.00281  0.00000  0.99719
1.8920  0.00260  0.00000  0.99740
1.8940  0.00235  0.00000  0.99765
1.8960  0.00264  0.00000  0.99736
1.8980  0.00252  0.00000  0.99748
1.9000  0.00244  0.00000  0.99756
1.9020  0.00244  0.00000  0.99756
1.9040  0.00228  0.00000  0.99772
1.9060  0.00256  0.00000  0.99744
1.9080  0.00276  0.00000  0.99724
1.9100  0.00248  0.00000  0.99752
1.9120  0.00285  0.00000  0.99715
1.9140  0.00225  0.00000  0.99775
1.9160  0.00210  0.00000  0.99790
1.9180  0.00228  0.00000  0.99772
1.9200  0.00253  0.00000  0.99747
1.9220  0.00275  0.00000  0.99725
1.9240  0.00246  0.00000  0.99754
1.9260  0.00227  0.00000  0.99773
1.9280  0.00228  0.00000  0.99772
1.9300  0.00245  0.00000  0.99755
1.9320  0.00267  0.00000  0.99733
1.9340  0.00232  0.00000  0.99768
1.9360  0.00253  0.00000  0.99747
1.9380  0.00235  0.00000  0.99765
1.9400  0.00251  0.00000  0.99749
1.9420  0.00263  0.00000  0.99737
1.9440  0.00233  0.00000  0.99767
1.9460  0.00236  0.00000  0.99764
1.9480  0.00244  0.00000  0.99756
1.9500  0.00228  0.00000  0.99772
1.9520  0.00225  0.00000  0.99775
1.9540  0.00253  0.00000  0.99747
1.9560  0.00248  0.00000  0.99752
1.9580  0.00225  0.00000  0.99775
1.9600  0.00265  0.00000  0.99735
1.9620  0.00224  0.00000  0.99776
1.9640  0.00229  0.00000  0.99771
1.9660  0.00253  0.00000  0.99747
1.9680  0.00214  0.00000  0.99786
1.9700  0.00192  0.00000  0.99808
1.9720  0.00240  0.00000  0.99760
1.9740  0.00236  0.00000  0.99764
1.9760  0.00218  0.00000  0.99782
1.9780  0.00226  0.00000  0.99774
1.9800  0.00252  0.00000  0.99748
1.9820  0.00234  0.00000  0.99766
1.9840  0.00252  0.00000  0.99748
1.9860  0.00238  0.00000  0.99762
1.9880  0.00242  0.00000  0.99758
1.9900  0.00246  0.00000  0.99754
1.9920  0.00232  0.00000  0.99768
1.9940  0.00229  0.00000  0.99771
1.9960  0.00242  0.00000  0.99758
1.9980  0.00239  0.00000  0.99761
2.0000  0.00220  0.00000  0.99780