0.0000  0.47786  0.00000  0.52214
0.0020  0.49987  0.00000  0.50013
0.0040  0.50498  0.00000  0.49502
0.0060  0.50034  0.00000  0.49966
0.0080  0.49457  0.00000  0.50543
0.0100  0.49046  0.00000  0.50954
0.0120  0.49292  0.00000  0.50708
0.0140  0.49523  0.00000  0.50477
0.0160  0.49320  0.00000  0.50680
0.0180  0.49147  0.00000  0.50853
0.0200  0.49216  0.00000  0.50784
0.0220  0.48998  0.00000  0.51002
0.0240  0.48928  0.00000  0.51072
0.0260  0.48446  0.00000  0.51554
0.0280  0.48693  0.00000  0.51307
0.0300  0.48387  0.00000  0.51613
0.0320  0.48197  0.00000  0.51803
0.0340  0.48135  0.00000  0.51865
0.0360  0.47904  0.00000  0.52096
0.0380  0.47917  0.00000  0.52083
0.0400  0.47862  0.00000  0.52138
0.0420  0.47828  0.00000  0.52172
0.0440  0.47857  0.00000  0.52143
0.0460  0.47760  0.00000  0.52240
0.0480  0.47563  0.00000  0.52437
0.0500  0.47497  0.00000  0.52503
0.0520  0.47046  0.00000  0.52954
0.0540  0.47379  0.00000  0.52621
0.0560  0.46976  0.00000  0.53024
0.0580  0.47023  0.00000  0.52977
0.0600  0.46715  0.00000  0.53285
0.0620  0.46806  0.00000  0.53194
0.0640  0.46560  0.00000  0.53440
0.0660  0.46443  0.00000  0.53557
0.0680  0.46401  0.00000  0.53599
0.0700  0.46216  0.00000  0.53784
0.0720  0.46000  0.00000  0.54000
0.0740  0.45791  0.00000  0.54209
0.0760  0.45858  0.00000  0.54142
0.0780  0.45745  0.00000  0.54255
0.0800  0.45660  0.00000  0.54340
0.0820  0.45467  0.00000  0.54533
0.0840  0.45396  0.00000  0.54604
0.0860  0.45248  0.00000  0.54752
0.0880  0.45193  0.00000  0.54807
0.0900  0.45125  0.00000  0.54875
0.0920  0.44958  0.00000  0.55042
0.0940  0.44701  0.00000  0.55299
0.0960  0.44732  0.00000  0.55268
0.0980  0.44459  0.00000  0.55541
0.1000  0.44411  0.00000  0.55589
0.1020  0.44169  0.00000  0.55831
0.1040  0.44162  0.00000  0.55838
0.1060  0.44112  0.00000  0.55888
0.1080  0.43947  0.00000  0.56053
0.1100  0.43810  0.00000  0.56190
0.1120  0.43642  0.00000  0.56358
0.1140  0.43596  0.00000  0.56404
0.1160  0.43511  0.00000  0.56489
0.1180  0.43163  0.00000  0.56837
0.1200  0.43131  0.00000  0.56869
0.1220  0.42895  0.00000  0.57105
0.1240  0.42879  0.00000  0.57121
0.1260  0.42725  0.00000  0.57275
0.1280  0.42655  0.00000  0.57345
0.1300  0.42444  0.00000  0.57556
0.1320  0.42265  0.00000  0.57735
0.1340  0.42243  0.00000  0.57757
0.1360  0.42054  0.00000  0.57946
0.1380  0.41857  0.00000  0.58143
0.1400  0.41741  0.00000  0.58259
0.1420  0.41617  0.00000  0.58383
0.1440  0.41445  0.00000  0.58555
0.1460  0.41276  0.00000  0.58724
0.1480  0.41184  0.00000  0.58816
0.1500  0.41001  0.00000  0.58999
0.1520  0.41004  0.00000  0.58996
0.1540  0.40800  0.00000  0.59200
0.1560  0.40634  0.00000  0.59366
0.1580  0.40458  0.00000  0.59542
0.1600  0.40297  0.00000  0.59703
0.1620  0.40174  0.00000  0.59826
0.1640  0.40169  0.00000  0.59831
0.1660  0.39814  0.00000  0.60186
0.1680  0.39669  0.00000  0.60331
0.1700  0.39704  0.00000  0.60296
0.1720  0.39475  0.00000  0.60525
0.1740  0.39270  0.00000  0.60730
0.1760  0.39069  0.00000  0.60931
0.1780  0.39054  0.00000  0.60946
0.1800  0.38915  0.00000  0.61085
0.1820  0.38690  0.00000  0.61310
0.1840  0.38481  0.00000  0.61519
0.1860  0.38349  0.00000  0.61651
0.1880  0.38097  0.00000  0.61903
0.1900  0.38025  0.00000  0.61975
0.1920  0.37887  0.00000  0.62113
0.1940  0.37710  0.00000  0.62290
0.1960  0.37593  0.00000  0.62407
0.1980  0.37392  0.00000  0.62608
0.2000  0.37132  0.00000  0.62868
0.2020  0.37065  0.00000  0.62935
0.2040  0.36884  0.00000  0.63116
0.2060  0.36672  0.00000  0.63328
0.2080  0.36552  0.00000  0.63448
0.2100  0.36365  0.00000  0.63635
0.2120  0.36273  0.00000  0.63727
0.2140  0.36083  0.00000  0.63917
0.2160  0.35884  0.00000  0.64116
0.2180  0.35683  0.00000  0.64317
0.2200  0.35478  0.00000  0.64522
0.2220  0.35323  0.00000  0.64677
0.2240  0.35090  0.00000  0.64910
0.2260  0.34915  0.00000  0.65085
0.2280  0.34754  0.00000  0.65246
0.2300  0.34640  0.00000  0.65360
0.2320  0.34401  0.00000  0.65599
0.2340  0.34310  0.00000  0.65690
0.2360  0.34138  0.00000  0.65862
0.2380  0.33797  0.00000  0.66203
0.2400  0.33734  0.00000  0.66266
0.2420  0.33521  0.00000  0.66479
0.2440  0.33313  0.00000  0.66687
0.2460  0.33077  0.00000  0.66923
0.2480  0.32850  0.00000  0.67150
0.2500  0.32650  0.00000  0.67350
0.2520  0.32442  0.00000  0.67558
0.2540  0.32231  0.00000  0.67769
0.2560  0.32104  0.00000  0.67896
0.2580  0.31810  0.00000  0.68190
0.2600  0.31725  0.00000  0.68275
0.2620  0.31490  0.00000  0.68510
0.2640  0.31281  0.00000  0.68719
0.2660  0.31006  0.00000  0.68994
0.2680  0.30827  0.00000  0.69173
0.2700  0.30564  0.00000  0.69436
0.2720  0.30303  0.00000  0.69697
0.2740  0.30167  0.00000  0.69833
0.2760  0.29987  0.00000  0.70013
0.2780  0.29776  0.00000  0.70224
0.2800  0.29530  0.00000  0.70470
0.2820  0.29277  0.00000  0.70723
0.2840  0.29063  0.00000  0.70937
0.2860  0.28816  0.00000  0.71184
0.2880  0.28637  0.00000  0.71363
0.2900  0.28343  0.00000  0.71657
0.2920  0.28182  0.00000  0.71818
0.2940  0.27932  0.00000  0.72068
0.2960  0.27495  0.00000  0.72505
0.2980  0.27462  0.00000  0.72538
0.3000  0.27054  0.00000  0.72946
0.3020  0.26923  0.00000  0.73077
0.3040  0.26596  0.00000  0.73404
0.3060  0.26313  0.00000  0.73687
0.3080  0.26059  0.00000  0.73941
0.3100  0.25812  0.00000  0.74188
0.3120  0.25707  0.00000  0.74293
0.3140  0.25223  0.00000  0.74777
0.3160  0.24951  0.00000  0.75049
0.3180  0.24753  0.00000  0.75247
0.3200  0.24459  0.00000  0.75541
0.3220  0.24274  0.00000  0.75726
0.3240  0.23915  0.00000  0.76085
0.3260  0.23665  0.00000  0.76335
0.3280  0.23409  0.00000  0.76591
0.3300  0.23105  0.00000  0.76895
0.3320  0.22902  0.00000  0.77098
0.3340  0.22352  0.00000  0.77648
0.3360  0.22229  0.00000  0.77771
0.3380  0.21855  0.00000  0.78145
0.3400  0.21544  0.00000  0.78456
0.3420  0.21093  0.00000  0.78907
0.3440  0.20991  0.00000  0.79009
0.3460  0.20489  0.00000  0.79511
0.3480  0.20225  0.00000  0.79775
0.3500  0.19574  0.00000  0.80426
0.3520  0.19663  0.00000  0.80337
0.3540  0.19020  0.00000  0.80980
0.3560  0.18755  0.00000  0.81245
0.3580  0.18376  0.00000  0.81624
0.3600  0.17904  0.00000  0.82096
0.3620  0.17871  0.00000  0.82129
0.3640  0.17402  0.00000  0.82598
0.3660  0.16795  0.00000  0.83205
0.3680  0.16382  0.00000  0.83618
0.3700  0.15694  0.00000  0.84306
0.3720  0.14918  0.00000  0.85082
0.3740  0.14564  0.00000  0.85436
0.3760  0.14263  0.00000  0.85737
0.3780  0.13024  0.00000  0.86976
0.3800  0.13055  0.00000  0.86945
0.3820  0.11663  0.00000  0.88337
0.3840  0.11999  0.00000  0.88001
0.3860  0.10809  0.00000  0.89191
0.3880  0.10609  0.00000  0.89391
0.3900  0.09988  0.00000  0.90012
0.3920  0.09882  0.00000  0.90118
0.3940  0.09665  0.00000  0.90335
0.3960  0.09183  0.00000  0.90817
0.3980  0.08911  0.00000  0.91089
0.4000  0.08681  0.00000  0.91319
0.4020  0.08138  0.00000  0.91862
0.4040  0.07955  0.00000  0.92045
0.4060  0.07794  0.00000  0.92206
0.4080  0.07567  0.00000  0.92433
0.4100  0.07424  0.00000  0.92576
0.4120  0.07131  0.00000  0.92869
0.4140  0.06881  0.00000  0.93119
0.4160  0.06638  0.00000  0.93362
0.4180  0.08685  0.00000  0.91315
0.4200  0.06335  0.00000  0.93665
0.4220  0.06536  0.00000  0.93464
0.4240  0.05980  0.00000  0.94020
0.4260  0.05772  0.00000  0.94228
0.4280  0.05727  0.00000  0.94273
0.4300  0.05592  0.00000  0.94408
0.4320  0.05453  0.00000  0.94547
0.4340  0.05288  0.00000  0.94712
0.4360  0.05168  0.00000  0.94832
0.4380  0.05062  0.00000  0.94938
0.4400  0.07414  0.00000  0.92586
0.4420  0.04855  0.00000  0.95145
0.4440  0.05832  0.00000  0.94168
0.4460  0.07063  0.00000  0.92937
0.4480  0.04507  0.00000  0.95493
0.4500  0.04378  0.00000  0.95622
0.4520  0.04262  0.00000  0.95738
0.4540  0.04175  0.00000  0.95825
0.4560  0.04089  0.00000  0.95911
0.4580  0.04172  0.00000  0.95828
0.4600  0.05543  0.00000  0.94457
0.4620  0.03799  0.00000  0.96201
0.4640  0.05618  0.00000  0.94382
0.4660  0.03649  0.00000  0.96351
0.4680  0.03613  0.00000  0.96387
0.4700  0.03431  0.00000  0.96569
0.4720  0.03445  0.00000  0.96555
0.4740  0.05146  0.00000  0.94854
0.4760  0.03270  0.00000  0.96730
0.4780  0.03234  0.00000  0.96766
0.4800  0.03104  0.00000  0.96896
0.4820  0.03066  0.00000  0.96934
0.4840  0.04784  0.00000  0.95216
0.4860  0.02939  0.00000  0.97061
0.4880  0.02851  0.00000  0.97149
0.4900  0.02795  0.00000  0.97205
0.4920  0.05139  0.00000  0.94861
0.4940  0.02692  0.00000  0.97308
0.4960  0.03029  0.00000  0.96971
0.4980  0.02602  0.00000  0.97398
0.5000  0.04257  0.00000  0.95743