0.0000  0.66587  0.00000  0.33413
0.0020  0.66610  0.00000  0.33390
0.0040  0.66456  0.00000  0.33544
0.0060  0.66418  0.00000  0.33582
0.0080  0.66347  0.00000  0.33653
0.0100  0.66089  0.00000  0.33911
0.0120  0.66270  0.00000  0.33730
0.0140  0.66020  0.00000  0.33980
0.0160  0.65900  0.00000  0.34100
0.0180  0.65893  0.00000  0.34107
0.0200  0.65967  0.00000  0.34033
0.0220  0.65733  0.00000  0.34267
0.0240  0.65399  0.00000  0.34601
0.0260  0.65525  0.00000  0.34475
0.0280  0.65300  0.00000  0.34700
0.0300  0.65216  0.00000  0.34784
0.0320  0.65421  0.00000  0.34579
0.0340  0.65051  0.00000  0.34949
0.0360  0.64728  0.00000  0.35272
0.0380  0.64925  0.00000  0.35075
0.0400  0.64947  0.00000  0.35053
0.0420  0.64726  0.00000  0.35274
0.0440  0.64613  0.00000  0.35387
0.0460  0.64454  0.00000  0.35546
0.0480  0.64539  0.00000  0.35461
0.0500  0.64386  0.00000  0.35614
0.0520  0.64127  0.00000  0.35873
0.0540  0.63970  0.00000  0.36030
0.0560  0.63994  0.00000  0.36006
0.0580  0.63811  0.00000  0.36189
0.0600  0.64024  0.00000  0.35976
0.0620  0.63482  0.00000  0.36518
0.0640  0.63489  0.00000  0.36511
0.0660  0.63588  0.00000  0.36412
0.0680  0.63325  0.00000  0.36675
0.0700  0.63278  0.00000  0.36722
0.0720  0.62962  0.00000  0.37038
0.0740  0.63052  0.00000  0.36948
0.0760  0.62984  0.00000  0.37016
0.0780  0.62865  0.00000  0.37135
0.0800  0.62763  0.00000  0.37237
0.0820  0.62713  0.00000  0.37287
0.0840  0.62776  0.00000  0.37224
0.0860  0.62418  0.00000  0.37582
0.0880  0.62322  0.00000  0.37678
0.0900  0.62398  0.00000  0.37602
0.0920  0.62220  0.00000  0.37780
0.0940  0.62113  0.00000  0.37887
0.0960  0.61799  0.00000  0.38201
0.0980  0.61889  0.00000  0.38111
0.1000  0.61629  0.00000  0.38371
0.1020  0.61707  0.00000  0.38293
0.1040  0.61393  0.00000  0.38607
0.1060  0.61577  0.00000  0.38423
0.1080  0.61419  0.00000  0.38581
0.1100  0.61254  0.00000  0.38746
0.1120  0.60952  0.00000  0.39048
0.1140  0.60755  0.00000  0.39245
0.1160  0.61083  0.00000  0.38917
0.1180  0.60827  0.00000  0.39173
0.1200  0.60421  0.00000  0.39579
0.1220  0.60469  0.00000  0.39531
0.1240  0.60330  0.00000  0.39670
0.1260  0.60228  0.00000  0.39772
0.1280  0.60071  0.00000  0.39929
0.1300  0.60046  0.00000  0.39954
0.1320  0.59824  0.00000  0.40176
0.1340  0.59873  0.00000  0.40127
0.1360  0.59861  0.00000  0.40139
0.1380  0.59612  0.00000  0.40388
0.1400  0.59451  0.00000  0.40549
0.1420  0.59267  0.00000  0.40733
0.1440  0.59065  0.00000  0.40935
0.1460  0.58933  0.00000  0.41067
0.1480  0.59132  0.00000  0.40868
0.1500  0.58797  0.00000  0.41203
0.1520  0.58616  0.00000  0.41384
0.1540  0.58411  0.00000  0.41589
0.1560  0.58320  0.00000  0.41680
0.1580  0.58121  0.00000  0.41879
0.1600  0.57931  0.00000  0.42069
0.1620  0.57946  0.00000  0.42054
0.1640  0.57821  0.00000  0.42179
0.1660  0.57857  0.00000  0.42143
0.1680  0.57642  0.00000  0.42358
0.1700  0.57303  0.00000  0.42697
0.1720  0.57447  0.00000  0.42553
0.1740  0.57304  0.00000  0.42696
0.1760  0.57144  0.00000  0.42856
0.1780  0.56923  0.00000  0.43077
0.1800  0.56810  0.00000  0.43190
0.1820  0.56641  0.00000  0.43359
0.1840  0.56436  0.00000  0.43564
0.1860  0.56251  0.00000  0.43749
0.1880  0.56336  0.00000  0.43664
0.1900  0.56105  0.00000  0.43895
0.1920  0.56073  0.00000  0.43927
0.1940  0.55750  0.00000  0.44250
0.1960  0.55679  0.00000  0.44321
0.1980  0.55391  0.00000  0.44609
0.2000  0.55428  0.00000  0.44572
0.2020  0.55421  0.00000  0.44579
0.2040  0.54856  0.00000  0.45144
0.2060  0.54896  0.00000  0.45104
0.2080  0.54683  0.00000  0.45317
0.2100  0.54582  0.00000  0.45418
0.2120  0.54571  0.00000  0.45429
0.2140  0.54355  0.00000  0.45645
0.2160  0.54269  0.00000  0.45731
0.2180  0.53953  0.00000  0.46047
0.2200  0.53891  0.00000  0.46109
0.2220  0.53754  0.00000  0.46246
0.2240  0.53704  0.00000  0.46296
0.2260  0.53421  0.00000  0.46579
0.2280  0.52913  0.00000  0.47087
0.2300  0.53068  0.00000  0.46932
0.2320  0.53137  0.00000  0.46863
0.2340  0.52743  0.00000  0.47257
0.2360  0.52615  0.00000  0.47385
0.2380  0.52362  0.00000  0.47638
0.2400  0.52141  0.00000  0.47859
0.2420  0.52042  0.00000  0.47958
0.2440  0.51877  0.00000  0.48123
0.2460  0.51672  0.00000  0.48328
0.2480  0.51349  0.00000  0.48651
0.2500  0.51611  0.00000  0.48389
0.2520  0.51295  0.00000  0.48705
0.2540  0.51039  0.00000  0.48961
0.2560  0.51079  0.00000  0.48921
0.2580  0.50610  0.00000  0.49390
0.2600  0.50370  0.00000  0.49630
0.2620  0.50399  0.00000  0.49601
0.2640  0.50165  0.00000  0.49835
0.2660  0.49907  0.00000  0.50093
0.2680  0.49799  0.00000  0.50201
0.2700  0.49791  0.00000  0.50209
0.2720  0.49231  0.00000  0.50769
0.2740  0.49200  0.00000  0.50800
0.2760  0.49088  0.00000  0.50912
0.2780  0.48695  0.00000  0.51305
0.2800  0.48633  0.00000  0.51367
0.2820  0.48513  0.00000  0.51487
0.2840  0.48104  0.00000  0.51896
0.2860  0.48237  0.00000  0.51763
0.2880  0.47798  0.00000  0.52202
0.2900  0.47874  0.00000  0.52126
0.2920  0.47469  0.00000  0.52531
0.2940  0.47248  0.00000  0.52752
0.2960  0.47007  0.00000  0.52993
0.2980  0.46954  0.00000  0.53046
0.3000  0.46357  0.00000  0.53643
0.3020  0.46341  0.00000  0.53659
0.3040  0.46010  0.00000  0.53990
0.3060  0.45576  0.00000  0.54424
0.3080  0.45489  0.00000  0.54511
0.3100  0.45287  0.00000  0.54713
0.3120  0.45338  0.00000  0.54662
0.3140  0.45263  0.00000  0.54737
0.3160  0.44925  0.00000  0.55075
0.3180  0.44620  0.00000  0.55380
0.3200  0.44328  0.00000  0.55672
0.3220  0.44189  0.00000  0.55811
0.3240  0.44287  0.00000  0.55713
0.3260  0.43714  0.00000  0.56286
0.3280  0.43159  0.00000  0.56841
0.3300  0.43001  0.00000  0.56999
0.3320  0.42597  0.00000  0.57403
0.3340  0.42583  0.00000  0.57417
0.3360  0.42509  0.00000  0.57491
0.3380  0.42131  0.00000  0.57869
0.3400  0.42014  0.00000  0.57986
0.3420  0.41723  0.00000  0.58277
0.3440  0.41632  0.00000  0.58368
0.3460  0.41226  0.00000  0.58774
0.3480  0.40712  0.00000  0.59288
0.3500  0.40517  0.00000  0.59483
0.3520  0.40574  0.00000  0.59426
0.3540  0.40131  0.00000  0.59869
0.3560  0.40011  0.00000  0.59989
0.3580  0.39521  0.00000  0.60479
0.3600  0.39715  0.00000  0.60285
0.3620  0.39144  0.00000  0.60856
0.3640  0.38337  0.00000  0.61663
0.3660  0.37991  0.00000  0.62009
0.3680  0.37885  0.00000  0.62115
0.3700  0.37936  0.00000  0.62064
0.3720  0.37237  0.00000  0.62763
0.3740  0.37105  0.00000  0.62895
0.3760  0.36719  0.00000  0.63281
0.3780  0.36530  0.00000  0.63470
0.3800  0.35830  0.00000  0.64170
0.3820  0.35407  0.00000  0.64593
0.3840  0.35430  0.00000  0.64570
0.3860  0.35056  0.00000  0.64944
0.3880  0.34745  0.00000  0.65255
0.3900  0.34537  0.00000  0.65463
0.3920  0.33649  0.00000  0.66351
0.3940  0.34034  0.00000  0.65966
0.3960  0.33632  0.00000  0.66368
0.3980  0.32714  0.00000  0.67286
0.4000  0.32615  0.00000  0.67385
0.4020  0.31995  0.00000  0.68005
0.4040  0.31393  0.00000  0.68607
0.4060  0.30174  0.00000  0.69826
0.4080  0.30301  0.00000  0.69699
0.4100  0.29362  0.00000  0.70638
0.4120  0.30114  0.00000  0.69886
0.4140  0.29255  0.00000  0.70745
0.4160  0.28737  0.00000  0.71263
0.4180  0.29161  0.00000  0.70839
0.4200  0.27891  0.00000  0.72109
0.4220  0.26579  0.00000  0.73421
0.4240  0.26590  0.00000  0.73410
0.4260  0.25637  0.00000  0.74363
0.4280  0.24128  0.00000  0.75872
0.4300  0.26012  0.00000  0.73988
0.4320  0.22376  0.00000  0.77624
0.4340  0.21760  0.00000  0.78240
0.4360  0.20701  0.00000  0.79299
0.4380  0.21299  0.00000  0.78701
0.4400  0.21511  0.00000  0.78489
0.4420  0.16165  0.00000  0.83835
0.4440  0.14702  0.00000  0.85298
0.4460  0.14908  0.00000  0.85092
0.4480  0.14423  0.00000  0.85577
0.4500  0.13698  0.00000  0.86302
0.4520  0.13316  0.00000  0.86684
0.4540  0.11992  0.00000  0.88008
0.4560  0.11881  0.00000  0.88119
0.4580  0.11308  0.00000  0.88692
0.4600  0.09988  0.00000  0.90012
0.4620  0.10124  0.00000  0.89876
0.4640  0.10496  0.00000  0.89504
0.4660  0.09213  0.00000  0.90787
0.4680  0.09120  0.00000  0.90880
0.4700  0.09360  0.00000  0.90640
0.4720  0.08477  0.00000  0.91523
0.4740  0.08291  0.00000  0.91709
0.4760  0.08151  0.00000  0.91849
0.4780  0.07817  0.00000  0.92183
0.4800  0.07493  0.00000  0.92507
0.4820  0.12641  0.00000  0.87359
0.4840  0.07175  0.00000  0.92825
0.4860  0.07616  0.00000  0.92384
0.4880  0.06635  0.00000  0.93365
0.4900  0.06664  0.00000  0.93336
0.4920  0.06793  0.00000  0.93207
0.4940  0.06327  0.00000  0.93673
0.4960  0.06273  0.00000  0.93727
0.4980  0.06066  0.00000  0.93934
0.5000  0.05973  0.00000  0.94027