0.0000  0.33357  0.33335  0.33309  0.00000
0.0020  0.33383  0.33360  0.33257  0.00000
0.0040  0.33164  0.33429  0.33407  0.00000
0.0060  0.33025  0.33416  0.33559  0.00000
0.0080  0.32996  0.33360  0.33644  0.00000
0.0100  0.33082  0.33255  0.33663  0.00000
0.0120  0.32874  0.33464  0.33662  0.00000
0.0140  0.32939  0.33097  0.33964  0.00000
0.0160  0.32770  0.33208  0.34022  0.00000
0.0180  0.32588  0.33378  0.34034  0.00000
0.0200  0.32728  0.33189  0.34084  0.00000
0.0220  0.32741  0.33224  0.34035  0.00000
0.0240  0.32482  0.33417  0.34101  0.00000
0.0260  0.32463  0.33257  0.34281  0.00000
0.0280  0.32370  0.33390  0.34240  0.00000
0.0300  0.32396  0.33309  0.34295  0.00000
0.0320  0.32283  0.33318  0.34399  0.00000
0.0340  0.32193  0.33352  0.34455  0.00000
0.0360  0.31925  0.33465  0.34609  0.00000
0.0380  0.32109  0.33169  0.34723  0.00000
0.0400  0.32069  0.33278  0.34653  0.00000
0.0420  0.31918  0.33236  0.34846  0.00000
0.0440  0.31971  0.33249  0.34781  0.00000
0.0460  0.31726  0.33323  0.34952  0.00000
0.0480  0.31757  0.33293  0.34950  0.00000
0.0500  0.31672  0.33279  0.35049  0.00000
0.0520  0.31628  0.33209  0.35163  0.00000
0.0540  0.31608  0.33309  0.35082  0.00000
0.0560  0.31433  0.33272  0.35296  0.00000
0.0580  0.31523  0.33210  0.35267  0.00000
0.0600  0.31454  0.33219  0.35327  0.00000
0.0620  0.31204  0.33356  0.35441  0.00000
0.0640  0.31137  0.33372  0.35490  0.00000
0.0660  0.31031  0.33218  0.35751  0.00000
0.0680  0.30941  0.33098  0.35960  0.00000
0.0700  0.31023  0.33255  0.35722  0.00000
0.0720  0.30930  0.33228  0.35842  0.00000
0.0740  0.30890  0.33077  0.36033  0.00000
0.0760  0.30774  0.33218  0.36008  0.00000
0.0780  0.30651  0.33278  0.36071  0.00000
0.0800  0.30657  0.33133  0.36210  0.00000
0.0820  0.30441  0.33207  0.36352  0.00000
0.0840  0.30543  0.33255  0.36203  0.00000
0.0860  0.30379  0.33304  0.36317  0.00000
0.0880  0.30308  0.33222  0.36470  0.00000
0.0900  0.30360  0.33301  0.36339  0.00000
0.0920  0.30181  0.33255  0.36564  0.00000
0.0940  0.30059  0.33135  0.36805  0.00000
0.0960  0.30123  0.33249  0.36627  0.00000
0.0980  0.30023  0.33202  0.36775  0.00000
0.1000  0.29884  0.33182  0.36934  0.00000
0.1020  0.29864  0.33121  0.37015  0.00000
0.1040  0.29775  0.33199  0.37025  0.00000
0.1060  0.29804  0.33276  0.36920  0.00000
0.1080  0.29723  0.33288  0.36989  0.00000
0.1100  0.29640  0.33237  0.37123  0.00000
0.1120  0.29559  0.33111  0.37330  0.00000
0.1140  0.29443  0.33118  0.37439  0.00000
0.1160  0.29322  0.33234  0.37444  0.00000
0.1180  0.29194  0.33189  0.37617  0.00000
0.1200  0.29195  0.33138  0.37667  0.00000
0.1220  0.28969  0.33276  0.37754  0.00000
0.1240  0.29031  0.33245  0.37724  0.00000
0.1260  0.28987  0.33171  0.37841  0.00000
0.1280  0.29033  0.33065  0.37902  0.00000
0.1300  0.28652  0.33009  0.38339  0.00000
0.1320  0.28670  0.33123  0.38206  0.00000
0.1340  0.28648  0.33218  0.38134  0.00000
0.1360  0.28693  0.33102  0.38205  0.00000
0.1380  0.28612  0.33064  0.38324  0.00000
0.1400  0.28454  0.33192  0.38354  0.00000
0.1420  0.28509  0.32960  0.38531  0.00000
0.1440  0.28308  0.33038  0.38654  0.00000
0.1460  0.28181  0.33128  0.38690  0.00000
0.1480  0.28256  0.32976  0.38768  0.00000
0.1500  0.28096  0.33035  0.38870  0.00000
0.1520  0.27855  0.33189  0.38955  0.00000
0.1540  0.27912  0.33060  0.39028  0.00000
0.1560  0.27738  0.33203  0.39059  0.00000
0.1580  0.27856  0.32982  0.39162  0.00000
0.1600  0.27569  0.33132  0.39299  0.00000
0.1620  0.27599  0.32990  0.39411  0.00000
0.1640  0.27564  0.32984  0.39452  0.00000
0.1660  0.27419  0.33025  0.39555  0.00000
0.1680  0.27362  0.32993  0.39645  0.00000
0.1700  0.27228  0.33066  0.39706  0.00000
0.1720  0.27168  0.33010  0.39822  0.00000
0.1740  0.27062  0.33096  0.39841  0.00000
0.1760  0.27156  0.32947  0.39898  0.00000
0.1780  0.27034  0.32953  0.40012  0.00000
0.1800  0.27024  0.32781  0.40195  0.00000
0.1820  0.26818  0.33002  0.40180  0.00000
0.1840  0.26807  0.32927  0.40266  0.00000
0.1860  0.26758  0.32842  0.40399  0.00000
0.1880  0.26638  0.32944  0.40418  0.00000
0.1900  0.26560  0.32852  0.40587  0.00000
0.1920  0.26509  0.32974  0.40517  0.00000
0.1940  0.26440  0.32897  0.40663  0.00000
0.1960  0.26226  0.32922  0.40852  0.00000
0.1980  0.26123  0.32757  0.41120  0.00000
0.2000  0.26264  0.32713  0.41023  0.00000
0.2020  0.26023  0.32889  0.41088  0.00000
0.2040  0.25987  0.32739  0.41274  0.00000
0.2060  0.25933  0.32630  0.41437  0.00000
0.2080  0.25969  0.32661  0.41370  0.00000
0.2100  0.25707  0.32763  0.41530  0.00000
0.2120  0.25588  0.32875  0.41537  0.00000
0.2140  0.25598  0.32737  0.41666  0.00000
0.2160  0.25393  0.32821  0.41787  0.00000
0.2180  0.25438  0.32700  0.41862  0.00000
0.2200  0.25505  0.32572  0.41923  0.00000
0.2220  0.25246  0.32665  0.42088  0.00000
0.2240  0.25258  0.32604  0.42138  0.00000
0.2260  0.25128  0.32617  0.42255  0.00000
0.2280  0.24825  0.32679  0.42496  0.00000
0.2300  0.25031  0.32513  0.42457  0.00000
0.2320  0.24822  0.32602  0.42576  0.00000
0.2340  0.24651  0.32639  0.42710  0.00000
0.2360  0.24765  0.32517  0.42718  0.00000
0.2380  0.24616  0.32438  0.42946  0.00000
0.2400  0.24543  0.32447  0.43011  0.00000
0.2420  0.24455  0.32485  0.43060  0.00000
0.2440  0.24283  0.32518  0.43199  0.00000
0.2460  0.24201  0.32478  0.43321  0.00000
0.2480  0.24197  0.32363  0.43440  0.00000
0.2500  0.24146  0.32415  0.43439  0.00000
0.2520  0.24057  0.32402  0.43541  0.00000
0.2540  0.23990  0.32506  0.43504  0.00000
0.2560  0.23927  0.32328  0.43745  0.00000
0.2580  0.23750  0.32323  0.43927  0.00000
0.2600  0.23735  0.32220  0.44044  0.00000
0.2620  0.23584  0.32261  0.44155  0.00000
0.2640  0.23568  0.32215  0.44217  0.00000
0.2660  0.23572  0.32168  0.44259  0.00000
0.2680  0.23453  0.32026  0.44521  0.00000
0.2700  0.23349  0.32088  0.44564  0.00000
0.2720  0.23147  0.32238  0.44615  0.00000
0.2740  0.23149  0.32272  0.44579  0.00000
0.2760  0.23169  0.32154  0.44677  0.00000
0.2780  0.22964  0.31993  0.45043  0.00000
0.2800  0.22966  0.32021  0.45012  0.00000
0.2820  0.22758  0.32009  0.45233  0.00000
0.2840  0.22660  0.31974  0.45366  0.00000
0.2860  0.22740  0.31911  0.45349  0.00000
0.2880  0.22484  0.32056  0.45460  0.00000
0.2900  0.22393  0.32094  0.45513  0.00000
0.2920  0.22456  0.31755  0.45789  0.00000
0.2940  0.22302  0.31884  0.45814  0.00000
0.2960  0.22093  0.31790  0.46117  0.00000
0.2980  0.22033  0.31872  0.46095  0.00000
0.3000  0.21974  0.31707  0.46319  0.00000
0.3020  0.21749  0.31724  0.46527  0.00000
0.3040  0.21690  0.31717  0.46593  0.00000
0.3060  0.21559  0.31707  0.46734  0.00000
0.3080  0.21616  0.31769  0.46615  0.00000
0.3100  0.21397  0.31721  0.46882  0.00000
0.3120  0.21427  0.31756  0.46817  0.00000
0.3140  0.21293  0.31613  0.47094  0.00000
0.3160  0.21166  0.31626  0.47208  0.00000
0.3180  0.21166  0.31545  0.47288  0.00000
0.3200  0.20998  0.31562  0.47440  0.00000
0.3220  0.20957  0.31575  0.47468  0.00000
0.3240  0.20789  0.31633  0.47578  0.00000
0.3260  0.20708  0.31554  0.47738  0.00000
0.3280  0.20457  0.31412  0.48131  0.00000
0.3300  0.20536  0.31429  0.48035  0.00000
0.3320  0.20327  0.31368  0.48304  0.00000
0.3340  0.20233  0.31381  0.48386  0.00000
0.3360  0.20107  0.31441  0.48452  0.00000
0.3380  0.19943  0.31217  0.48839  0.00000
0.3400  0.20038  0.31216  0.48747  0.00000
0.3420  0.19742  0.31213  0.49046  0.00000
0.3440  0.19837  0.31126  0.49036  0.00000
0.3460  0.19827  0.31162  0.49011  0.00000
0.3480  0.19662  0.31166  0.49172  0.00000
0.3500  0.19500  0.31041  0.49458  0.00000
0.3520  0.19347  0.31055  0.49598  0.00000
0.3540  0.19369  0.31010  0.49622  0.00000
0.3560  0.19158  0.31034  0.49808  0.00000
0.3580  0.19089  0.31012  0.49899  0.00000
0.3600  0.19077  0.30987  0.49936  0.00000
0.3620  0.18844  0.30786  0.50370  0.00000
0.3640  0.18783  0.30835  0.50382  0.00000
0.3660  0.18576  0.30722  0.50702  0.00000
0.3680  0.18401  0.30553  0.51047  0.00000
0.3700  0.18366  0.30740  0.50894  0.00000
0.3720  0.18367  0.30632  0.51001  0.00000
0.3740  0.18048  0.30546  0.51406  0.00000
0.3760  0.17950  0.30390  0.51659  0.00000
0.3780  0.18139  0.30455  0.51406  0.00000
0.3800  0.17723  0.30301  0.51976  0.00000
0.3820  0.17488  0.30352  0.52160  0.00000
0.3840  0.17661  0.30219  0.52121  0.00000
0.3860  0.17436  0.30215  0.52349  0.00000
0.3880  0.17239  0.30180  0.52581  0.00000
0.3900  0.17200  0.30075  0.52725  0.00000
0.3920  0.16954  0.30040  0.53006  0.00000
0.3940  0.17031  0.30021  0.52948  0.00000
0.3960  0.16860  0.29880  0.53259  0.00000
0.3980  0.16701  0.29871  0.53427  0.00000
0.4000  0.16571  0.29724  0.53705  0.00000
0.4020  0.16433  0.29582  0.53985  0.00000
0.4040  0.16403  0.29334  0.54262  0.00000
0.4060  0.15885  0.29259  0.54856  0.00000
0.4080  0.15819  0.29258  0.54923  0.00000
0.4100  0.15649  0.29095  0.55255  0.00000
0.4120  0.15882  0.29115  0.55003  0.00000
0.4140  0.15385  0.29065  0.55550  0.00000
0.4160  0.15273  0.29098  0.55629  0.00000
0.4180  0.15441  0.29117  0.55442  0.00000
0.4200  0.15126  0.28781  0.56093  0.00000
0.4220  0.14861  0.28219  0.56919  0.00000
0.4240  0.14634  0.28366  0.57000  0.00000
0.4260  0.14430  0.28133  0.57437  0.00000
0.4280  0.13866  0.27773  0.58362  0.00000
0.4300  0.14343  0.28502  0.57154  0.00000
0.4320  0.13521  0.27103  0.59375  0.00000
0.4340  0.13217  0.26860  0.59924  0.00000
0.4360  0.12785  0.26693  0.60523  0.00000
0.4380  0.13005  0.26759  0.60236  0.00000
0.4400  0.13011  0.26925  0.60063  0.00000
0.4420  0.11375  0.23893  0.64732  0.00000
0.4440  0.10347  0.22863  0.66790  0.00000
0.4460  0.10445  0.23138  0.66417  0.00000
0.4480  0.10411  0.22796  0.66793  0.00000
0.4500  0.10217  0.22418  0.67365  0.00000
0.4520  0.09596  0.22126  0.68277  0.00000
0.4540  0.09051  0.21204  0.69746  0.00000
0.4560  0.09003  0.20885  0.70112  0.00000
0.4580  0.08479  0.20124  0.71398  0.00000
0.4600  0.07717  0.18434  0.73849  0.00000
0.4620  0.07717  0.18850  0.73434  0.00000
0.4640  0.08256  0.19387  0.72356  0.00000
0.4660  0.07257  0.17489  0.75253  0.00000
0.4680  0.07299  0.17715  0.74986  0.00000
0.4700  0.07528  0.18249  0.74223  0.00000
0.4720  0.06745  0.17105  0.76150  0.00000
0.4740  0.06799  0.16849  0.76352  0.00000
0.4760  0.06475  0.16558  0.76966  0.00000
0.4780  0.06463  0.16458  0.77079  0.00000
0.4800  0.06230  0.15825  0.77945  0.00000
0.4820  0.09752  0.23712  0.66536  0.00000
0.4840  0.05874  0.15353  0.78773  0.00000
0.4860  0.06473  0.16692  0.76835  0.00000
0.4880  0.05572  0.14554  0.79873  0.00000
0.4900  0.05759  0.14807  0.79434  0.00000
0.4920  0.05708  0.15053  0.79238  0.00000
0.4940  0.05433  0.14540  0.80027  0.00000
0.4960  0.05299  0.14084  0.80617  0.00000
0.4980  0.05116  0.14282  0.80602  0.00000
0.5000  0.05244  0.13857  0.80899  0.00000