0.0000  0.00000  0.49419  0.50581  0.00000
0.0020  0.00000  0.49801  0.50199  0.00000
0.0040  0.00000  0.50309  0.49691  0.00000
0.0060  0.00000  0.49519  0.50481  0.00000
0.0080  0.00000  0.49938  0.50062  0.00000
0.0100  0.00000  0.49761  0.50239  0.00000
0.0120  0.00000  0.49825  0.50175  0.00000
0.0140  0.00000  0.49300  0.50700  0.00000
0.0160  0.00000  0.49622  0.50378  0.00000
0.0180  0.00000  0.49233  0.50767  0.00000
0.0200  0.00000  0.49478  0.50522  0.00000
0.0220  0.00000  0.49655  0.50345  0.00000
0.0240  0.00000  0.49463  0.50537  0.00000
0.0260  0.00000  0.49158  0.50842  0.00000
0.0280  0.00000  0.49420  0.50580  0.00000
0.0300  0.00000  0.49038  0.50962  0.00000
0.0320  0.00000  0.49099  0.50901  0.00000
0.0340  0.00000  0.49036  0.50964  0.00000
0.0360  0.00000  0.49136  0.50864  0.00000
0.0380  0.00000  0.49015  0.50985  0.00000
0.0400  0.00000  0.48778  0.51222  0.00000
0.0420  0.00000  0.48891  0.51109  0.00000
0.0440  0.00000  0.49108  0.50892  0.00000
0.0460  0.00000  0.48745  0.51255  0.00000
0.0480  0.00000  0.48698  0.51302  0.00000
0.0500  0.00000  0.48773  0.51227  0.00000
0.0520  0.00000  0.48469  0.51531  0.00000
0.0540  0.00000  0.48745  0.51255  0.00000
0.0560  0.00000  0.48517  0.51483  0.00000
0.0580  0.00000  0.48338  0.51662  0.00000
0.0600  0.00000  0.48344  0.51656  0.00000
0.0620  0.00000  0.48372  0.51628  0.00000
0.0640  0.00000  0.48273  0.51727  0.00000
0.0660  0.00000  0.48251  0.51749  0.00000
0.0680  0.00000  0.48390  0.51610  0.00000
0.0700  0.00000  0.48076  0.51924  0.00000
0.0720  0.00000  0.48152  0.51848  0.00000
0.0740  0.00000  0.47972  0.52028  0.00000
0.0760  0.00000  0.47901  0.52099  0.00000
0.0780  0.00000  0.47882  0.52118  0.00000
0.0800  0.00000  0.47962  0.52038  0.00000
0.0820  0.00000  0.47777  0.52223  0.00000
0.0840  0.00000  0.47786  0.52214  0.00000
0.0860  0.00000  0.47756  0.52244  0.00000
0.0880  0.00000  0.47558  0.52442  0.00000
0.0900  0.00000  0.47566  0.52434  0.00000
0.0920  0.00000  0.47569  0.52431  0.00000
0.0940  0.00000  0.47521  0.52479  0.00000
0.0960  0.00000  0.47510  0.52490  0.00000
0.0980  0.00000  0.47457  0.52543  0.00000
0.1000  0.00000  0.47366  0.52634  0.00000
0.1020  0.00000  0.47315  0.52685  0.00000
0.1040  0.00000  0.47148  0.52852  0.00000
0.1060  0.00000  0.47299  0.52701  0.00000
0.1080  0.00000  0.47097  0.52903  0.00000
0.1100  0.00000  0.47021  0.52979  0.00000
0.1120  0.00000  0.46962  0.53038  0.00000
0.1140  0.00000  0.46914  0.53086  0.00000
0.1160  0.00000  0.46856  0.53144  0.00000
0.1180  0.00000  0.46797  0.53203  0.00000
0.1200  0.00000  0.46664  0.53336  0.00000
0.1220  0.00000  0.46623  0.53377  0.00000
0.1240  0.00000  0.46627  0.53373  0.00000
0.1260  0.00000  0.46475  0.53525  0.00000
0.1280  0.00000  0.46491  0.53509  0.00000
0.1300  0.00000  0.46390  0.53610  0.00000
0.1320  0.00000  0.46381  0.53619  0.00000
0.1340  0.00000  0.46295  0.53705  0.00000
0.1360  0.00000  0.46179  0.53821  0.00000
0.1380  0.00000  0.46102  0.53898  0.00000
0.1400  0.00000  0.46117  0.53883  0.00000
0.1420  0.00000  0.46060  0.53940  0.00000
0.1440  0.00000  0.46006  0.53994  0.00000
0.1460  0.00000  0.45842  0.54158  0.00000
0.1480  0.00000  0.45847  0.54153  0.00000
0.1500  0.00000  0.45762  0.54238  0.00000
0.1520  0.00000  0.45770  0.54230  0.00000
0.1540  0.00000  0.45636  0.54364  0.00000
0.1560  0.00000  0.45570  0.54430  0.00000
0.1580  0.00000  0.45551  0.54449  0.00000
0.1600  0.00000  0.45457  0.54543  0.00000
0.1620  0.00000  0.45441  0.54559  0.00000
0.1640  0.00000  0.45313  0.54687  0.00000
0.1660  0.00000  0.45228  0.54772  0.00000
0.1680  0.00000  0.45187  0.54813  0.00000
0.1700  0.00000  0.45095  0.54905  0.00000
0.1720  0.00000  0.45069  0.54931  0.00000
0.1740  0.00000  0.44871  0.55129  0.00000
0.1760  0.00000  0.44849  0.55151  0.00000
0.1780  0.00000  0.44796  0.55204  0.00000
0.1800  0.00000  0.44697  0.55303  0.00000
0.1820  0.00000  0.44756  0.55244  0.00000
0.1840  0.00000  0.44664  0.55336  0.00000
0.1860  0.00000  0.44495  0.55505  0.00000
0.1880  0.00000  0.44547  0.55453  0.00000
0.1900  0.00000  0.44412  0.55588  0.00000
0.1920  0.00000  0.44334  0.55666  0.00000
0.1940  0.00000  0.44275  0.55725  0.00000
0.1960  0.00000  0.44178  0.55822  0.00000
0.1980  0.00000  0.44127  0.55873  0.00000
0.2000  0.00000  0.44105  0.55895  0.00000
0.2020  0.00000  0.43960  0.56040  0.00000
0.2040  0.00000  0.43870  0.56130  0.00000
0.2060  0.00000  0.43785  0.56215  0.00000
0.2080  0.00000  0.43751  0.56249  0.00000
0.2100  0.00000  0.43709  0.56291  0.00000
0.2120  0.00000  0.43586  0.56414  0.00000
0.2140  0.00000  0.43476  0.56524  0.00000
0.2160  0.00000  0.43402  0.56598  0.00000
0.2180  0.00000  0.43383  0.56617  0.00000
0.2200  0.00000  0.43293  0.56707  0.00000
0.2220  0.00000  0.43085  0.56915  0.00000
0.2240  0.00000  0.43202  0.56798  0.00000
0.2260  0.00000  0.43058  0.56942  0.00000
0.2280  0.00000  0.42995  0.57005  0.00000
0.2300  0.00000  0.42926  0.57074  0.00000
0.2320  0.00000  0.42887  0.57113  0.00000
0.2340  0.00000  0.42730  0.57270  0.00000
0.2360  0.00000  0.42579  0.57421  0.00000
0.2380  0.00000  0.42534  0.57466  0.00000
0.2400  0.00000  0.42534  0.57466  0.00000
0.2420  0.00000  0.42395  0.57605  0.00000
0.2440  0.00000  0.42310  0.57690  0.00000
0.2460  0.00000  0.42259  0.57741  0.00000
0.2480  0.00000  0.42163  0.57837  0.00000
0.2500  0.00000  0.42073  0.57927  0.00000
0.2520  0.00000  0.41956  0.58044  0.00000
0.2540  0.00000  0.41887  0.58113  0.00000
0.2560  0.00000  0.41827  0.58173  0.00000
0.2580  0.00000  0.41776  0.58224  0.00000
0.2600  0.00000  0.41695  0.58305  0.00000
0.2620  0.00000  0.41555  0.58445  0.00000
0.2640  0.00000  0.41466  0.58534  0.00000
0.2660  0.00000  0.41324  0.58676  0.00000
0.2680  0.00000  0.41320  0.58680  0.00000
0.2700  0.00000  0.41160  0.58840  0.00000
0.2720  0.00000  0.41068  0.58932  0.00000
0.2740  0.00000  0.40921  0.59079  0.00000
0.2760  0.00000  0.40957  0.59043  0.00000
0.2780  0.00000  0.40742  0.59258  0.00000
0.2800  0.00000  0.40659  0.59341  0.00000
0.2820  0.00000  0.40579  0.59421  0.00000
0.2840  0.00000  0.40461  0.59539  0.00000
0.2860  0.00000  0.40331  0.59669  0.00000
0.2880  0.00000  0.40316  0.59684  0.00000
0.2900  0.00000  0.40136  0.59864  0.00000
0.2920  0.00000  0.40055  0.59945  0.00000
0.2940  0.00000  0.39959  0.60041  0.00000
0.2960  0.00000  0.39812  0.60188  0.00000
0.2980  0.00000  0.39755  0.60245  0.00000
0.3000  0.00000  0.39681  0.60319  0.00000
0.3020  0.00000  0.39475  0.60525  0.00000
0.3040  0.00000  0.39430  0.60570  0.00000
0.3060  0.00000  0.39232  0.60768  0.00000
0.3080  0.00000  0.39220  0.60780  0.00000
0.3100  0.00000  0.39045  0.60955  0.00000
0.3120  0.00000  0.38913  0.61087  0.00000
0.3140  0.00000  0.38736  0.61264  0.00000
0.3160  0.00000  0.38690  0.61310  0.00000
0.3180  0.00000  0.38554  0.61446  0.00000
0.3200  0.00000  0.38454  0.61546  0.00000
0.3220  0.00000  0.38347  0.61653  0.00000
0.3240  0.00000  0.38180  0.61820  0.00000
0.3260  0.00000  0.38153  0.61847  0.00000
0.3280  0.00000  0.37921  0.62079  0.00000
0.3300  0.00000  0.37744  0.62256  0.00000
0.3320  0.00000  0.37706  0.62294  0.00000
0.3340  0.00000  0.37572  0.62428  0.00000
0.3360  0.00000  0.37415  0.62585  0.00000
0.3380  0.00000  0.37259  0.62741  0.00000
0.3400  0.00000  0.37113  0.62887  0.00000
0.3420  0.00000  0.36843  0.63157  0.00000
0.3440  0.00000  0.36732  0.63268  0.00000
0.3460  0.00000  0.36534  0.63466  0.00000
0.3480  0.00000  0.36379  0.63621  0.00000
0.3500  0.00000  0.35981  0.64019  0.00000
0.3520  0.00000  0.36215  0.63785  0.00000
0.3540  0.00000  0.35773  0.64227  0.00000
0.3560  0.00000  0.35582  0.64418  0.00000
0.3580  0.00000  0.35304  0.64696  0.00000
0.3600  0.00000  0.35123  0.64877  0.00000
0.3620  0.00000  0.35086  0.64914  0.00000
0.3640  0.00000  0.34802  0.65198  0.00000
0.3660  0.00000  0.34233  0.65767  0.00000
0.3680  0.00000  0.34053  0.65947  0.00000
0.3700  0.00000  0.33615  0.66385  0.00000
0.3720  0.00000  0.32934  0.67066  0.00000
0.3740  0.00000  0.32663  0.67337  0.00000
0.3760  0.00000  0.32508  0.67492  0.00000
0.3780  0.00000  0.31313  0.68687  0.00000
0.3800  0.00000  0.31368  0.68632  0.00000
0.3820  0.00000  0.29742  0.70258  0.00000
0.3840  0.00000  0.30354  0.69646  0.00000
0.3860  0.00000  0.28890  0.71110  0.00000
0.3880  0.00000  0.28536  0.71464  0.00000
0.3900  0.00000  0.27722  0.72278  0.00000
0.3920  0.00000  0.27601  0.72399  0.00000
0.3940  0.00000  0.27372  0.72628  0.00000
0.3960  0.00000  0.26634  0.73366  0.00000
0.3980  0.00000  0.26245  0.73755  0.00000
0.4000  0.00000  0.25824  0.74176  0.00000
0.4020  0.00000  0.24854  0.75146  0.00000
0.4040  0.00000  0.24758  0.75242  0.00000
0.4060  0.00000  0.24516  0.75484  0.00000
0.4080  0.00000  0.23867  0.76133  0.00000
0.4100  0.00000  0.23849  0.76151  0.00000
0.4120  0.00000  0.23421  0.76579  0.00000
0.4140  0.00000  0.22785  0.77215  0.00000
0.4160  0.00000  0.22373  0.77627  0.00000
0.4180  0.00000  0.27478  0.72522  0.00000
0.4200  0.00000  0.21866  0.78134  0.00000
0.4220  0.00000  0.22535  0.77465  0.00000
0.4240  0.00000  0.21118  0.78882  0.00000
0.4260  0.00000  0.20704  0.79296  0.00000
0.4280  0.00000  0.20577  0.79423  0.00000
0.4300  0.00000  0.20237  0.79763  0.00000
0.4320  0.00000  0.19955  0.80045  0.00000
0.4340  0.00000  0.19608  0.80392  0.00000
0.4360  0.00000  0.19362  0.80638  0.00000
0.4380  0.00000  0.19000  0.81000  0.00000
0.4400  0.00000  0.25952  0.74048  0.00000
0.4420  0.00000  0.18919  0.81081  0.00000
0.4440  0.00000  0.23102  0.76898  0.00000
0.4460  0.00000  0.25592  0.74408  0.00000
0.4480  0.00000  0.17889  0.82111  0.00000
0.4500  0.00000  0.17558  0.82442  0.00000
0.4520  0.00000  0.17217  0.82783  0.00000
0.4540  0.00000  0.17287  0.82713  0.00000
0.4560  0.00000  0.16795  0.83205  0.00000
0.4580  0.00000  0.17619  0.82381  0.00000
0.4600  0.00000  0.24111  0.75889  0.00000
0.4620  0.00000  0.16080  0.83920  0.00000
0.4640  0.00000  0.24853  0.75147  0.00000
0.4660  0.00000  0.15511  0.84489  0.00000
0.4680  0.00000  0.15447  0.84553  0.00000
0.4700  0.00000  0.15020  0.84980  0.00000
0.4720  0.00000  0.15113  0.84887  0.00000
0.4740  0.00000  0.24534  0.75466  0.00000
0.4760  0.00000  0.14275  0.85725  0.00000
0.4780  0.00000  0.14388  0.85612  0.00000
0.4800  0.00000  0.14019  0.85981  0.00000
0.4820  0.00000  0.13915  0.86085  0.00000
0.4840  0.00000  0.24364  0.75636  0.00000
0.4860  0.00000  0.13598  0.86402  0.00000
0.4880  0.00000  0.13227  0.86773  0.00000
0.4900  0.00000  0.13098  0.86902  0.00000
0.4920  0.00000  0.24132  0.75868  0.00000
0.4940  0.00000  0.12692  0.87308  0.00000
0.4960  0.00000  0.16412  0.83588  0.00000
0.4980  0.00000  0.12608  0.87392  0.00000
0.5000  0.00000  0.24309  0.75691  0.00000