0.0000  0.66411  0.00000  0.00000  0.33589
0.0020  0.66972  0.00000  0.00000  0.33028
0.0040  0.66590  0.00000  0.00000  0.33410
0.0060  0.65963  0.00000  0.00000  0.34037
0.0080  0.65814  0.00000  0.00000  0.34186
0.0100  0.66184  0.00000  0.00000  0.33816
0.0120  0.65741  0.00000  0.00000  0.34259
0.0140  0.66139  0.00000  0.00000  0.33861
0.0160  0.65457  0.00000  0.00000  0.34543
0.0180  0.65513  0.00000  0.00000  0.34487
0.0200  0.65273  0.00000  0.00000  0.34727
0.0220  0.65420  0.00000  0.00000  0.34580
0.0240  0.64821  0.00000  0.00000  0.35179
0.0260  0.64735  0.00000  0.00000  0.35265
0.0280  0.64875  0.00000  0.00000  0.35125
0.0300  0.64522  0.00000  0.00000  0.35478
0.0320  0.64769  0.00000  0.00000  0.35231
0.0340  0.64093  0.00000  0.00000  0.35907
0.0360  0.63914  0.00000  0.00000  0.36086
0.0380  0.63722  0.00000  0.00000  0.36278
0.0400  0.63942  0.00000  0.00000  0.36058
0.0420  0.63686  0.00000  0.00000  0.36314
0.0440  0.63879  0.00000  0.00000  0.36121
0.0460  0.63429  0.00000  0.00000  0.36571
0.0480  0.63259  0.00000  0.00000  0.36741
0.0500  0.63446  0.00000  0.00000  0.36554
0.0520  0.62931  0.00000  0.00000  0.37069
0.0540  0.62809  0.00000  0.00000  0.37191
0.0560  0.62813  0.00000  0.00000  0.37187
0.0580  0.62766  0.00000  0.00000  0.37234
0.0600  0.62513  0.00000  0.00000  0.37487
0.0620  0.62043  0.00000  0.00000  0.37957
0.0640  0.62091  0.00000  0.00000  0.37909
0.0660  0.62128  0.00000  0.00000  0.37872
0.0680  0.61656  0.00000  0.00000  0.38344
0.0700  0.61262  0.00000  0.00000  0.38738
0.0720  0.61283  0.00000  0.00000  0.38717
0.0740  0.61510  0.00000  0.00000  0.38490
0.0760  0.61403  0.00000  0.00000  0.38597
0.0780  0.61155  0.00000  0.00000  0.38845
0.0800  0.60431  0.00000  0.00000  0.39569
0.0820  0.60905  0.00000  0.00000  0.39095
0.0840  0.60445  0.00000  0.00000  0.39555
0.0860  0.60569  0.00000  0.00000  0.39431
0.0880  0.60273  0.00000  0.00000  0.39727
0.0900  0.60276  0.00000  0.00000  0.39724
0.0920  0.59974  0.00000  0.00000  0.40026
0.0940  0.59725  0.00000  0.00000  0.40275
0.0960  0.59627  0.00000  0.00000  0.40373
0.0980  0.59561  0.00000  0.00000  0.40439
0.1000  0.59326  0.00000  0.00000  0.40674
0.1020  0.59330  0.00000  0.00000  0.40670
0.1040  0.59207  0.00000  0.00000  0.40793
0.1060  0.58745  0.00000  0.00000  0.41255
0.1080  0.58793  0.00000  0.00000  0.41207
0.1100  0.58686  0.00000  0.00000  0.41314
0.1120  0.58646  0.00000  0.00000  0.41354
0.1140  0.58338  0.00000  0.00000  0.41662
0.1160  0.58137  0.00000  0.00000  0.41863
0.1180  0.57961  0.00000  0.00000  0.42039
0.1200  0.58003  0.00000  0.00000  0.41997
0.1220  0.57467  0.00000  0.00000  0.42533
0.1240  0.57172  0.00000  0.00000  0.42828
0.1260  0.57218  0.00000  0.00000  0.42782
0.1280  0.56892  0.00000  0.00000  0.43108
0.1300  0.57028  0.00000  0.00000  0.42972
0.1320  0.56364  0.00000  0.00000  0.43636
0.1340  0.56368  0.00000  0.00000  0.43632
0.1360  0.56397  0.00000  0.00000  0.43603
0.1380  0.55967  0.00000  0.00000  0.44033
0.1400  0.55965  0.00000  0.00000  0.44035
0.1420  0.55839  0.00000  0.00000  0.44161
0.1440  0.55360  0.00000  0.00000  0.44640
0.1460  0.55429  0.00000  0.00000  0.44571
0.1480  0.55387  0.00000  0.00000  0.44613
0.1500  0.55080  0.00000  0.00000  0.44920
0.1520  0.54908  0.00000  0.00000  0.45092
0.1540  0.54729  0.00000  0.00000  0.45271
0.1560  0.54554  0.00000  0.00000  0.45446
0.1580  0.54393  0.00000  0.00000  0.45607
0.1600  0.53935  0.00000  0.00000  0.46065
0.1620  0.53919  0.00000  0.00000  0.46081
0.1640  0.53897  0.00000  0.00000  0.46103
0.1660  0.53891  0.00000  0.00000  0.46109
0.1680  0.53361  0.00000  0.00000  0.46639
0.1700  0.53109  0.00000  0.00000  0.46891
0.1720  0.52834  0.00000  0.00000  0.47166
0.1740  0.52938  0.00000  0.00000  0.47062
0.1760  0.52763  0.00000  0.00000  0.47237
0.1780  0.52638  0.00000  0.00000  0.47362
0.1800  0.52652  0.00000  0.00000  0.47348
0.1820  0.52238  0.00000  0.00000  0.47762
0.1840  0.52183  0.00000  0.00000  0.47817
0.1860  0.51854  0.00000  0.00000  0.48146
0.1880  0.51671  0.00000  0.00000  0.48329
0.1900  0.51292  0.00000  0.00000  0.48708
0.1920  0.51394  0.00000  0.00000  0.48606
0.1940  0.51000  0.00000  0.00000  0.49000
0.1960  0.51108  0.00000  0.00000  0.48892
0.1980  0.50975  0.00000  0.00000  0.49025
0.2000  0.50433  0.00000  0.00000  0.49567
0.2020  0.50102  0.00000  0.00000  0.49898
0.2040  0.50098  0.00000  0.00000  0.49902
0.2060  0.49901  0.00000  0.00000  0.50099
0.2080  0.49707  0.00000  0.00000  0.50293
0.2100  0.48975  0.00000  0.00000  0.51025
0.2120  0.49275  0.00000  0.00000  0.50725
0.2140  0.49055  0.00000  0.00000  0.50945
0.2160  0.48889  0.00000  0.00000  0.51111
0.2180  0.48553  0.00000  0.00000  0.51447
0.2200  0.48231  0.00000  0.00000  0.51769
0.2220  0.48536  0.00000  0.00000  0.51464
0.2240  0.48174  0.00000  0.00000  0.51826
0.2260  0.47700  0.00000  0.00000  0.52300
0.2280  0.47306  0.00000  0.00000  0.52694
0.2300  0.47587  0.00000  0.00000  0.52413
0.2320  0.47433  0.00000  0.00000  0.52567
0.2340  0.46871  0.00000  0.00000  0.53129
0.2360  0.46623  0.00000  0.00000  0.53377
0.2380  0.46580  0.00000  0.00000  0.53420
0.2400  0.46157  0.00000  0.00000  0.53843
0.2420  0.46049  0.00000  0.00000  0.53951
0.2440  0.46254  0.00000  0.00000  0.53746
0.2460  0.45328  0.00000  0.00000  0.54672
0.2480  0.44945  0.00000  0.00000  0.55055
0.2500  0.45100  0.00000  0.00000  0.54900
0.2520  0.45159  0.00000  0.00000  0.54841
0.2540  0.44575  0.00000  0.00000  0.55425
0.2560  0.44638  0.00000  0.00000  0.55362
0.2580  0.44412  0.00000  0.00000  0.55588
0.2600  0.44037  0.00000  0.00000  0.55963
0.2620  0.44034  0.00000  0.00000  0.55966
0.2640  0.43615  0.00000  0.00000  0.56385
0.2660  0.43024  0.00000  0.00000  0.56976
0.2680  0.43273  0.00000  0.00000  0.56727
0.2700  0.43246  0.00000  0.00000  0.56754
0.2720  0.42633  0.00000  0.00000  0.57367
0.2740  0.42478  0.00000  0.00000  0.57522
0.2760  0.42007  0.00000  0.00000  0.57993
0.2780  0.41922  0.00000  0.00000  0.58078
0.2800  0.41775  0.00000  0.00000  0.58225
0.2820  0.41461  0.00000  0.00000  0.58539
0.2840  0.41359  0.00000  0.00000  0.58641
0.2860  0.41142  0.00000  0.00000  0.58858
0.2880  0.40655  0.00000  0.00000  0.59345
0.2900  0.40792  0.00000  0.00000  0.59208
0.2920  0.40347  0.00000  0.00000  0.59653
0.2940  0.40098  0.00000  0.00000  0.59902
0.2960  0.39637  0.00000  0.00000  0.60363
0.2980  0.39849  0.00000  0.00000  0.60151
0.3000  0.39306  0.00000  0.00000  0.60694
0.3020  0.38880  0.00000  0.00000  0.61120
0.3040  0.38649  0.00000  0.00000  0.61351
0.3060  0.38173  0.00000  0.00000  0.61827
0.3080  0.38307  0.00000  0.00000  0.61693
0.3100  0.37727  0.00000  0.00000  0.62273
0.3120  0.37801  0.00000  0.00000  0.62199
0.3140  0.37983  0.00000  0.00000  0.62017
0.3160  0.37337  0.00000  0.00000  0.62663
0.3180  0.37056  0.00000  0.00000  0.62944
0.3200  0.36611  0.00000  0.00000  0.63389
0.3220  0.36523  0.00000  0.00000  0.63477
0.3240  0.36502  0.00000  0.00000  0.63498
0.3260  0.36051  0.00000  0.00000  0.63949
0.3280  0.35511  0.00000  0.00000  0.64489
0.3300  0.35476  0.00000  0.00000  0.64524
0.3320  0.35127  0.00000  0.00000  0.64873
0.3340  0.34981  0.00000  0.00000  0.65019
0.3360  0.34760  0.00000  0.00000  0.65240
0.3380  0.34451  0.00000  0.00000  0.65549
0.3400  0.34188  0.00000  0.00000  0.65812
0.3420  0.34046  0.00000  0.00000  0.65954
0.3440  0.33961  0.00000  0.00000  0.66039
0.3460  0.33471  0.00000  0.00000  0.66529
0.3480  0.32897  0.00000  0.00000  0.67103
0.3500  0.32853  0.00000  0.00000  0.67147
0.3520  0.32453  0.00000  0.00000  0.67547
0.3540  0.31997  0.00000  0.00000  0.68003
0.3560  0.31859  0.00000  0.00000  0.68141
0.3580  0.31598  0.00000  0.00000  0.68402
0.3600  0.31549  0.00000  0.00000  0.68451
0.3620  0.31127  0.00000  0.00000  0.68873
0.3640  0.30339  0.00000  0.00000  0.69661
0.3660  0.29871  0.00000  0.00000  0.70129
0.3680  0.29873  0.00000  0.00000  0.70127
0.3700  0.29741  0.00000  0.00000  0.70259
0.3720  0.29243  0.00000  0.00000  0.70757
0.3740  0.29121  0.00000  0.00000  0.70879
0.3760  0.28834  0.00000  0.00000  0.71166
0.3780  0.28435  0.00000  0.00000  0.71565
0.3800  0.27801  0.00000  0.00000  0.72199
0.3820  0.27397  0.00000  0.00000  0.72603
0.3840  0.27323  0.00000  0.00000  0.72677
0.3860  0.27015  0.00000  0.00000  0.72985
0.3880  0.26882  0.00000  0.00000  0.73118
0.3900  0.26551  0.00000  0.00000  0.73449
0.3920  0.25772  0.00000  0.00000  0.74228
0.3940  0.25996  0.00000  0.00000  0.74004
0.3960  0.25706  0.00000  0.00000  0.74294
0.3980  0.24661  0.00000  0.00000  0.75339
0.4000  0.24890  0.00000  0.00000  0.75110
0.4020  0.24211  0.00000  0.00000  0.75789
0.4040  0.23535  0.00000  0.00000  0.76465
0.4060  0.22545  0.00000  0.00000  0.77455
0.4080  0.22526  0.00000  0.00000  0.77474
0.4100  0.21748  0.00000  0.00000  0.78252
0.4120  0.22524  0.00000  0.00000  0.77476
0.4140  0.21744  0.00000  0.00000  0.78256
0.4160  0.21292  0.00000  0.00000  0.78708
0.4180  0.21578  0.00000  0.00000  0.78422
0.4200  0.20538  0.00000  0.00000  0.79462
0.4220  0.19290  0.00000  0.00000  0.80710
0.4240  0.19391  0.00000  0.00000  0.80609
0.4260  0.18823  0.00000  0.00000  0.81177
0.4280  0.17650  0.00000  0.00000  0.82350
0.4300  0.19192  0.00000  0.00000  0.80808
0.4320  0.16344  0.00000  0.00000  0.83656
0.4340  0.15781  0.00000  0.00000  0.84219
0.4360  0.15073  0.00000  0.00000  0.84927
0.4380  0.15423  0.00000  0.00000  0.84577
0.4400  0.15561  0.00000  0.00000  0.84439
0.4420  0.12161  0.00000  0.00000  0.87839
0.4440  0.11088  0.00000  0.00000  0.88912
0.4460  0.11172  0.00000  0.00000  0.88828
0.4480  0.10878  0.00000  0.00000  0.89122
0.4500  0.10395  0.00000  0.00000  0.89605
0.4520  0.10125  0.00000  0.00000  0.89875
0.4540  0.09225  0.00000  0.00000  0.90775
0.4560  0.09221  0.00000  0.00000  0.90779
0.4580  0.08823  0.00000  0.00000  0.91177
0.4600  0.07999  0.00000  0.00000  0.92001
0.4620  0.08069  0.00000  0.00000  0.91931
0.4640  0.08234  0.00000  0.00000  0.91766
0.4660  0.07495  0.00000  0.00000  0.92505
0.4680  0.07343  0.00000  0.00000  0.92657
0.4700  0.07480  0.00000  0.00000  0.92520
0.4720  0.06896  0.00000  0.00000  0.93104
0.4740  0.06775  0.00000  0.00000  0.93225
0.4760  0.06662  0.00000  0.00000  0.93338
0.4780  0.06454  0.00000  0.00000  0.93546
0.4800  0.06173  0.00000  0.00000  0.93827
0.4820  0.09464  0.00000  0.00000  0.90536
0.4840  0.06005  0.00000  0.00000  0.93995
0.4860  0.06167  0.00000  0.00000  0.93833
0.4880  0.05552  0.00000  0.00000  0.94448
0.4900  0.05603  0.00000  0.00000  0.94397
0.4920  0.05677  0.00000  0.00000  0.94323
0.4940  0.05307  0.00000  0.00000  0.94693
0.4960  0.05324  0.00000  0.00000  0.94676
0.4980  0.05105  0.00000  0.00000  0.94895
0.5000  0.05096  0.00000  0.00000  0.94904