0.0000  0.48940  0.00000  0.00000  0.51060
0.0020  0.49304  0.00000  0.00000  0.50696
0.0040  0.50527  0.00000  0.00000  0.49473
0.0060  0.49395  0.00000  0.00000  0.50605
0.0080  0.50102  0.00000  0.00000  0.49898
0.0100  0.49412  0.00000  0.00000  0.50588
0.0120  0.49113  0.00000  0.00000  0.50887
0.0140  0.48701  0.00000  0.00000  0.51299
0.0160  0.49183  0.00000  0.00000  0.50817
0.0180  0.48997  0.00000  0.00000  0.51003
0.0200  0.48400  0.00000  0.00000  0.51600
0.0220  0.48306  0.00000  0.00000  0.51694
0.0240  0.47936  0.00000  0.00000  0.52064
0.0260  0.47768  0.00000  0.00000  0.52232
0.0280  0.47831  0.00000  0.00000  0.52169
0.0300  0.47827  0.00000  0.00000  0.52173
0.0320  0.47466  0.00000  0.00000  0.52534
0.0340  0.47353  0.00000  0.00000  0.52647
0.0360  0.47043  0.00000  0.00000  0.52957
0.0380  0.47102  0.00000  0.00000  0.52898
0.0400  0.46705  0.00000  0.00000  0.53295
0.0420  0.47082  0.00000  0.00000  0.52918
0.0440  0.46472  0.00000  0.00000  0.53528
0.0460  0.46396  0.00000  0.00000  0.53604
0.0480  0.46319  0.00000  0.00000  0.53681
0.0500  0.46470  0.00000  0.00000  0.53530
0.0520  0.45789  0.00000  0.00000  0.54211
0.0540  0.46007  0.00000  0.00000  0.53993
0.0560  0.45741  0.00000  0.00000  0.54259
0.0580  0.45513  0.00000  0.00000  0.54487
0.0600  0.45340  0.00000  0.00000  0.54660
0.0620  0.45121  0.00000  0.00000  0.54879
0.0640  0.44957  0.00000  0.00000  0.55043
0.0660  0.44864  0.00000  0.00000  0.55136
0.0680  0.44914  0.00000  0.00000  0.55086
0.0700  0.44065  0.00000  0.00000  0.55935
0.0720  0.44255  0.00000  0.00000  0.55745
0.0740  0.44320  0.00000  0.00000  0.55680
0.0760  0.43961  0.00000  0.00000  0.56039
0.0780  0.43838  0.00000  0.00000  0.56162
0.0800  0.43693  0.00000  0.00000  0.56307
0.0820  0.43377  0.00000  0.00000  0.56623
0.0840  0.43403  0.00000  0.00000  0.56597
0.0860  0.42923  0.00000  0.00000  0.57077
0.0880  0.42779  0.00000  0.00000  0.57221
0.0900  0.42794  0.00000  0.00000  0.57206
0.0920  0.42569  0.00000  0.00000  0.57431
0.0940  0.42483  0.00000  0.00000  0.57517
0.0960  0.42240  0.00000  0.00000  0.57760
0.0980  0.42004  0.00000  0.00000  0.57996
0.1000  0.42040  0.00000  0.00000  0.57960
0.1020  0.41679  0.00000  0.00000  0.58321
0.1040  0.41589  0.00000  0.00000  0.58411
0.1060  0.41553  0.00000  0.00000  0.58447
0.1080  0.41325  0.00000  0.00000  0.58675
0.1100  0.41189  0.00000  0.00000  0.58811
0.1120  0.40830  0.00000  0.00000  0.59170
0.1140  0.40853  0.00000  0.00000  0.59147
0.1160  0.40680  0.00000  0.00000  0.59320
0.1180  0.40448  0.00000  0.00000  0.59552
0.1200  0.40323  0.00000  0.00000  0.59677
0.1220  0.40097  0.00000  0.00000  0.59903
0.1240  0.39731  0.00000  0.00000  0.60269
0.1260  0.39630  0.00000  0.00000  0.60370
0.1280  0.39488  0.00000  0.00000  0.60512
0.1300  0.39347  0.00000  0.00000  0.60653
0.1320  0.39122  0.00000  0.00000  0.60878
0.1340  0.38922  0.00000  0.00000  0.61078
0.1360  0.38742  0.00000  0.00000  0.61258
0.1380  0.38667  0.00000  0.00000  0.61333
0.1400  0.38185  0.00000  0.00000  0.61815
0.1420  0.38337  0.00000  0.00000  0.61663
0.1440  0.37981  0.00000  0.00000  0.62019
0.1460  0.37829  0.00000  0.00000  0.62171
0.1480  0.37588  0.00000  0.00000  0.62412
0.1500  0.37454  0.00000  0.00000  0.62546
0.1520  0.37355  0.00000  0.00000  0.62645
0.1540  0.37103  0.00000  0.00000  0.62897
0.1560  0.36816  0.00000  0.00000  0.63184
0.1580  0.36881  0.00000  0.00000  0.63119
0.1600  0.36601  0.00000  0.00000  0.63399
0.1620  0.36369  0.00000  0.00000  0.63631
0.1640  0.36362  0.00000  0.00000  0.63638
0.1660  0.35899  0.00000  0.00000  0.64101
0.1680  0.35667  0.00000  0.00000  0.64333
0.1700  0.35608  0.00000  0.00000  0.64392
0.1720  0.35549  0.00000  0.00000  0.64451
0.1740  0.35222  0.00000  0.00000  0.64778
0.1760  0.35052  0.00000  0.00000  0.64948
0.1780  0.34753  0.00000  0.00000  0.65247
0.1800  0.34736  0.00000  0.00000  0.65264
0.1820  0.34448  0.00000  0.00000  0.65552
0.1840  0.34376  0.00000  0.00000  0.65624
0.1860  0.34092  0.00000  0.00000  0.65908
0.1880  0.33812  0.00000  0.00000  0.66188
0.1900  0.33648  0.00000  0.00000  0.66352
0.1920  0.33478  0.00000  0.00000  0.66522
0.1940  0.33295  0.00000  0.00000  0.66705
0.1960  0.33139  0.00000  0.00000  0.66861
0.1980  0.33024  0.00000  0.00000  0.66976
0.2000  0.32691  0.00000  0.00000  0.67309
0.2020  0.32524  0.00000  0.00000  0.67476
0.2040  0.32273  0.00000  0.00000  0.67727
0.2060  0.32096  0.00000  0.00000  0.67904
0.2080  0.31964  0.00000  0.00000  0.68036
0.2100  0.31656  0.00000  0.00000  0.68344
0.2120  0.31385  0.00000  0.00000  0.68615
0.2140  0.31345  0.00000  0.00000  0.68655
0.2160  0.31074  0.00000  0.00000  0.68926
0.2180  0.30927  0.00000  0.00000  0.69073
0.2200  0.30634  0.00000  0.00000  0.69366
0.2220  0.30460  0.00000  0.00000  0.69540
0.2240  0.30308  0.00000  0.00000  0.69692
0.2260  0.30025  0.00000  0.00000  0.69975
0.2280  0.29892  0.00000  0.00000  0.70108
0.2300  0.29682  0.00000  0.00000  0.70318
0.2320  0.29414  0.00000  0.00000  0.70586
0.2340  0.29154  0.00000  0.00000  0.70846
0.2360  0.28926  0.00000  0.00000  0.71074
0.2380  0.28702  0.00000  0.00000  0.71298
0.2400  0.28580  0.00000  0.00000  0.71420
0.2420  0.28407  0.00000  0.00000  0.71593
0.2440  0.28138  0.00000  0.00000  0.71862
0.2460  0.27888  0.00000  0.00000  0.72112
0.2480  0.27750  0.00000  0.00000  0.72250
0.2500  0.27435  0.00000  0.00000  0.72565
0.2520  0.27124  0.00000  0.00000  0.72876
0.2540  0.27001  0.00000  0.00000  0.72999
0.2560  0.26902  0.00000  0.00000  0.73098
0.2580  0.26640  0.00000  0.00000  0.73360
0.2600  0.26430  0.00000  0.00000  0.73570
0.2620  0.26185  0.00000  0.00000  0.73815
0.2640  0.25938  0.00000  0.00000  0.74062
0.2660  0.25715  0.00000  0.00000  0.74285
0.2680  0.25569  0.00000  0.00000  0.74431
0.2700  0.25230  0.00000  0.00000  0.74770
0.2720  0.24860  0.00000  0.00000  0.75140
0.2740  0.24690  0.00000  0.00000  0.75310
0.2760  0.24679  0.00000  0.00000  0.75321
0.2780  0.24399  0.00000  0.00000  0.75601
0.2800  0.24034  0.00000  0.00000  0.75966
0.2820  0.23822  0.00000  0.00000  0.76178
0.2840  0.23586  0.00000  0.00000  0.76414
0.2860  0.23415  0.00000  0.00000  0.76585
0.2880  0.23219  0.00000  0.00000  0.76781
0.2900  0.22919  0.00000  0.00000  0.77081
0.2920  0.22771  0.00000  0.00000  0.77229
0.2940  0.22519  0.00000  0.00000  0.77481
0.2960  0.22187  0.00000  0.00000  0.77813
0.2980  0.22104  0.00000  0.00000  0.77896
0.3000  0.21662  0.00000  0.00000  0.78338
0.3020  0.21477  0.00000  0.00000  0.78523
0.3040  0.21144  0.00000  0.00000  0.78856
0.3060  0.20983  0.00000  0.00000  0.79017
0.3080  0.20675  0.00000  0.00000  0.79325
0.3100  0.20494  0.00000  0.00000  0.79506
0.3120  0.20366  0.00000  0.00000  0.79634
0.3140  0.19997  0.00000  0.00000  0.80003
0.3160  0.19665  0.00000  0.00000  0.80335
0.3180  0.19476  0.00000  0.00000  0.80524
0.3200  0.19169  0.00000  0.00000  0.80831
0.3220  0.19019  0.00000  0.00000  0.80981
0.3240  0.18632  0.00000  0.00000  0.81368
0.3260  0.18449  0.00000  0.00000  0.81551
0.3280  0.18253  0.00000  0.00000  0.81747
0.3300  0.17974  0.00000  0.00000  0.82026
0.3320  0.17711  0.00000  0.00000  0.82289
0.3340  0.17369  0.00000  0.00000  0.82631
0.3360  0.17158  0.00000  0.00000  0.82842
0.3380  0.16851  0.00000  0.00000  0.83149
0.3400  0.16611  0.00000  0.00000  0.83389
0.3420  0.16245  0.00000  0.00000  0.83755
0.3440  0.16125  0.00000  0.00000  0.83875
0.3460  0.15755  0.00000  0.00000  0.84245
0.3480  0.15454  0.00000  0.00000  0.84546
0.3500  0.14958  0.00000  0.00000  0.85042
0.3520  0.14960  0.00000  0.00000  0.85040
0.3540  0.14421  0.00000  0.00000  0.85579
0.3560  0.14216  0.00000  0.00000  0.85784
0.3580  0.13911  0.00000  0.00000  0.86089
0.3600  0.13555  0.00000  0.00000  0.86445
0.3620  0.13518  0.00000  0.00000  0.86482
0.3640  0.13127  0.00000  0.00000  0.86873
0.3660  0.12694  0.00000  0.00000  0.87306
0.3680  0.12351  0.00000  0.00000  0.87649
0.3700  0.11853  0.00000  0.00000  0.88147
0.3720  0.11309  0.00000  0.00000  0.88691
0.3740  0.11033  0.00000  0.00000  0.88967
0.3760  0.10798  0.00000  0.00000  0.89202
0.3780  0.09932  0.00000  0.00000  0.90068
0.3800  0.09922  0.00000  0.00000  0.90078
0.3820  0.08962  0.00000  0.00000  0.91038
0.3840  0.09148  0.00000  0.00000  0.90852
0.3860  0.08379  0.00000  0.00000  0.91621
0.3880  0.08211  0.00000  0.00000  0.91789
0.3900  0.07776  0.00000  0.00000  0.92224
0.3920  0.07676  0.00000  0.00000  0.92324
0.3940  0.07514  0.00000  0.00000  0.92486
0.3960  0.07194  0.00000  0.00000  0.92806
0.3980  0.07001  0.00000  0.00000  0.92999
0.4000  0.06854  0.00000  0.00000  0.93146
0.4020  0.06511  0.00000  0.00000  0.93489
0.4040  0.06372  0.00000  0.00000  0.93628
0.4060  0.06224  0.00000  0.00000  0.93776
0.4080  0.06083  0.00000  0.00000  0.93917
0.4100  0.05962  0.00000  0.00000  0.94038
0.4120  0.05757  0.00000  0.00000  0.94243
0.4140  0.05610  0.00000  0.00000  0.94390
0.4160  0.05430  0.00000  0.00000  0.94570
0.4180  0.06709  0.00000  0.00000  0.93291
0.4200  0.05159  0.00000  0.00000  0.94841
0.4220  0.05285  0.00000  0.00000  0.94715
0.4240  0.04941  0.00000  0.00000  0.95059
0.4260  0.04780  0.00000  0.00000  0.95220
0.4280  0.04731  0.00000  0.00000  0.95269
0.4300  0.04649  0.00000  0.00000  0.95351
0.4320  0.04544  0.00000  0.00000  0.95456
0.4340  0.04406  0.00000  0.00000  0.95594
0.4360  0.04328  0.00000  0.00000  0.95672
0.4380  0.04249  0.00000  0.00000  0.95751
0.4400  0.05487  0.00000  0.00000  0.94513
0.4420  0.04085  0.00000  0.00000  0.95915
0.4440  0.04725  0.00000  0.00000  0.95275
0.4460  0.05225  0.00000  0.00000  0.94775
0.4480  0.03825  0.00000  0.00000  0.96175
0.4500  0.03733  0.00000  0.00000  0.96267
0.4520  0.03657  0.00000  0.00000  0.96343
0.4540  0.03563  0.00000  0.00000  0.96437
0.4560  0.03499  0.00000  0.00000  0.96501
0.4580  0.03510  0.00000  0.00000  0.96490
0.4600  0.04428  0.00000  0.00000  0.95572
0.4620  0.03270  0.00000  0.00000  0.96730
0.4640  0.04474  0.00000  0.00000  0.95526
0.4660  0.03151  0.00000  0.00000  0.96849
0.4680  0.03125  0.00000  0.00000  0.96875
0.4700  0.02996  0.00000  0.00000  0.97004
0.4720  0.02994  0.00000  0.00000  0.97006
0.4740  0.04121  0.00000  0.00000  0.95879
0.4760  0.02862  0.00000  0.00000  0.97138
0.4780  0.02822  0.00000  0.00000  0.97178
0.4800  0.02745  0.00000  0.00000  0.97255
0.4820  0.02687  0.00000  0.00000  0.97313
0.4840  0.03839  0.00000  0.00000  0.96161
0.4860  0.02583  0.00000  0.00000  0.97417
0.4880  0.02533  0.00000  0.00000  0.97467
0.4900  0.02470  0.00000  0.00000  0.97530
0.4920  0.03614  0.00000  0.00000  0.96386
0.4940  0.02397  0.00000  0.00000  0.97603
0.4960  0.02619  0.00000  0.00000  0.97381
0.4980  0.02308  0.00000  0.00000  0.97692
0.5000  0.03440  0.00000  0.00000  0.96560