0.0000  0.00000  0.49154  0.00000  0.50846  0.00000
0.0020  0.00000  0.49821  0.00000  0.50179  0.00000
0.0040  0.00000  0.50411  0.00000  0.49589  0.00000
0.0060  0.00000  0.49553  0.00000  0.50447  0.00000
0.0080  0.00000  0.49604  0.00000  0.50396  0.00000
0.0100  0.00000  0.49684  0.00000  0.50316  0.00000
0.0120  0.00000  0.49406  0.00000  0.50594  0.00000
0.0140  0.00000  0.49118  0.00000  0.50882  0.00000
0.0160  0.00000  0.49212  0.00000  0.50788  0.00000
0.0180  0.00000  0.49007  0.00000  0.50993  0.00000
0.0200  0.00000  0.48860  0.00000  0.51140  0.00000
0.0220  0.00000  0.49018  0.00000  0.50982  0.00000
0.0240  0.00000  0.48776  0.00000  0.51224  0.00000
0.0260  0.00000  0.48582  0.00000  0.51418  0.00000
0.0280  0.00000  0.48642  0.00000  0.51358  0.00000
0.0300  0.00000  0.48279  0.00000  0.51721  0.00000
0.0320  0.00000  0.48150  0.00000  0.51850  0.00000
0.0340  0.00000  0.48125  0.00000  0.51875  0.00000
0.0360  0.00000  0.48100  0.00000  0.51900  0.00000
0.0380  0.00000  0.47959  0.00000  0.52041  0.00000
0.0400  0.00000  0.47816  0.00000  0.52184  0.00000
0.0420  0.00000  0.47889  0.00000  0.52111  0.00000
0.0440  0.00000  0.47937  0.00000  0.52063  0.00000
0.0460  0.00000  0.47658  0.00000  0.52342  0.00000
0.0480  0.00000  0.47645  0.00000  0.52355  0.00000
0.0500  0.00000  0.47459  0.00000  0.52541  0.00000
0.0520  0.00000  0.47238  0.00000  0.52762  0.00000
0.0540  0.00000  0.47483  0.00000  0.52517  0.00000
0.0560  0.00000  0.47181  0.00000  0.52819  0.00000
0.0580  0.00000  0.46883  0.00000  0.53117  0.00000
0.0600  0.00000  0.46793  0.00000  0.53207  0.00000
0.0620  0.00000  0.46849  0.00000  0.53151  0.00000
0.0640  0.00000  0.46631  0.00000  0.53369  0.00000
0.0660  0.00000  0.46554  0.00000  0.53446  0.00000
0.0680  0.00000  0.46579  0.00000  0.53421  0.00000
0.0700  0.00000  0.46185  0.00000  0.53815  0.00000
0.0720  0.00000  0.46138  0.00000  0.53862  0.00000
0.0740  0.00000  0.46070  0.00000  0.53930  0.00000
0.0760  0.00000  0.45967  0.00000  0.54033  0.00000
0.0780  0.00000  0.45859  0.00000  0.54141  0.00000
0.0800  0.00000  0.45815  0.00000  0.54185  0.00000
0.0820  0.00000  0.45646  0.00000  0.54354  0.00000
0.0840  0.00000  0.45627  0.00000  0.54373  0.00000
0.0860  0.00000  0.45524  0.00000  0.54476  0.00000
0.0880  0.00000  0.45394  0.00000  0.54606  0.00000
0.0900  0.00000  0.45351  0.00000  0.54649  0.00000
0.0920  0.00000  0.45221  0.00000  0.54779  0.00000
0.0940  0.00000  0.45048  0.00000  0.54952  0.00000
0.0960  0.00000  0.44969  0.00000  0.55031  0.00000
0.0980  0.00000  0.44747  0.00000  0.55253  0.00000
0.1000  0.00000  0.44774  0.00000  0.55226  0.00000
0.1020  0.00000  0.44593  0.00000  0.55407  0.00000
0.1040  0.00000  0.44453  0.00000  0.55547  0.00000
0.1060  0.00000  0.44549  0.00000  0.55451  0.00000
0.1080  0.00000  0.44368  0.00000  0.55632  0.00000
0.1100  0.00000  0.44170  0.00000  0.55830  0.00000
0.1120  0.00000  0.44039  0.00000  0.55961  0.00000
0.1140  0.00000  0.44061  0.00000  0.55939  0.00000
0.1160  0.00000  0.43875  0.00000  0.56125  0.00000
0.1180  0.00000  0.43725  0.00000  0.56275  0.00000
0.1200  0.00000  0.43576  0.00000  0.56424  0.00000
0.1220  0.00000  0.43503  0.00000  0.56497  0.00000
0.1240  0.00000  0.43363  0.00000  0.56637  0.00000
0.1260  0.00000  0.43200  0.00000  0.56800  0.00000
0.1280  0.00000  0.43112  0.00000  0.56888  0.00000
0.1300  0.00000  0.43020  0.00000  0.56980  0.00000
0.1320  0.00000  0.42983  0.00000  0.57017  0.00000
0.1340  0.00000  0.42788  0.00000  0.57212  0.00000
0.1360  0.00000  0.42680  0.00000  0.57320  0.00000
0.1380  0.00000  0.42511  0.00000  0.57489  0.00000
0.1400  0.00000  0.42374  0.00000  0.57626  0.00000
0.1420  0.00000  0.42339  0.00000  0.57661  0.00000
0.1440  0.00000  0.42199  0.00000  0.57801  0.00000
0.1460  0.00000  0.42026  0.00000  0.57974  0.00000
0.1480  0.00000  0.41933  0.00000  0.58067  0.00000
0.1500  0.00000  0.41754  0.00000  0.58246  0.00000
0.1520  0.00000  0.41775  0.00000  0.58225  0.00000
0.1540  0.00000  0.41585  0.00000  0.58415  0.00000
0.1560  0.00000  0.41444  0.00000  0.58556  0.00000
0.1580  0.00000  0.41445  0.00000  0.58555  0.00000
0.1600  0.00000  0.41245  0.00000  0.58755  0.00000
0.1620  0.00000  0.41126  0.00000  0.58874  0.00000
0.1640  0.00000  0.41076  0.00000  0.58924  0.00000
0.1660  0.00000  0.40872  0.00000  0.59128  0.00000
0.1680  0.00000  0.40652  0.00000  0.59348  0.00000
0.1700  0.00000  0.40694  0.00000  0.59306  0.00000
0.1720  0.00000  0.40583  0.00000  0.59417  0.00000
0.1740  0.00000  0.40344  0.00000  0.59656  0.00000
0.1760  0.00000  0.40162  0.00000  0.59838  0.00000
0.1780  0.00000  0.40076  0.00000  0.59924  0.00000
0.1800  0.00000  0.39953  0.00000  0.60047  0.00000
0.1820  0.00000  0.39925  0.00000  0.60075  0.00000
0.1840  0.00000  0.39841  0.00000  0.60159  0.00000
0.1860  0.00000  0.39668  0.00000  0.60332  0.00000
0.1880  0.00000  0.39563  0.00000  0.60437  0.00000
0.1900  0.00000  0.39397  0.00000  0.60603  0.00000
0.1920  0.00000  0.39226  0.00000  0.60774  0.00000
0.1940  0.00000  0.39171  0.00000  0.60829  0.00000
0.1960  0.00000  0.38976  0.00000  0.61024  0.00000
0.1980  0.00000  0.38872  0.00000  0.61128  0.00000
0.2000  0.00000  0.38690  0.00000  0.61310  0.00000
0.2020  0.00000  0.38640  0.00000  0.61360  0.00000
0.2040  0.00000  0.38454  0.00000  0.61546  0.00000
0.2060  0.00000  0.38336  0.00000  0.61664  0.00000
0.2080  0.00000  0.38244  0.00000  0.61756  0.00000
0.2100  0.00000  0.38155  0.00000  0.61845  0.00000
0.2120  0.00000  0.37972  0.00000  0.62028  0.00000
0.2140  0.00000  0.37838  0.00000  0.62162  0.00000
0.2160  0.00000  0.37668  0.00000  0.62332  0.00000
0.2180  0.00000  0.37558  0.00000  0.62442  0.00000
0.2200  0.00000  0.37421  0.00000  0.62579  0.00000
0.2220  0.00000  0.37226  0.00000  0.62774  0.00000
0.2240  0.00000  0.37174  0.00000  0.62826  0.00000
0.2260  0.00000  0.36929  0.00000  0.63071  0.00000
0.2280  0.00000  0.36838  0.00000  0.63162  0.00000
0.2300  0.00000  0.36792  0.00000  0.63208  0.00000
0.2320  0.00000  0.36709  0.00000  0.63291  0.00000
0.2340  0.00000  0.36528  0.00000  0.63472  0.00000
0.2360  0.00000  0.36329  0.00000  0.63671  0.00000
0.2380  0.00000  0.36164  0.00000  0.63836  0.00000
0.2400  0.00000  0.36064  0.00000  0.63936  0.00000
0.2420  0.00000  0.35973  0.00000  0.64027  0.00000
0.2440  0.00000  0.35752  0.00000  0.64248  0.00000
0.2460  0.00000  0.35641  0.00000  0.64359  0.00000
0.2480  0.00000  0.35477  0.00000  0.64523  0.00000
0.2500  0.00000  0.35359  0.00000  0.64641  0.00000
0.2520  0.00000  0.35172  0.00000  0.64828  0.00000
0.2540  0.00000  0.34991  0.00000  0.65009  0.00000
0.2560  0.00000  0.34983  0.00000  0.65017  0.00000
0.2580  0.00000  0.34878  0.00000  0.65122  0.00000
0.2600  0.00000  0.34687  0.00000  0.65313  0.00000
0.2620  0.00000  0.34500  0.00000  0.65500  0.00000
0.2640  0.00000  0.34348  0.00000  0.65652  0.00000
0.2660  0.00000  0.34222  0.00000  0.65778  0.00000
0.2680  0.00000  0.34158  0.00000  0.65842  0.00000
0.2700  0.00000  0.33943  0.00000  0.66057  0.00000
0.2720  0.00000  0.33705  0.00000  0.66295  0.00000
0.2740  0.00000  0.33572  0.00000  0.66428  0.00000
0.2760  0.00000  0.33558  0.00000  0.66442  0.00000
0.2780  0.00000  0.33335  0.00000  0.66665  0.00000
0.2800  0.00000  0.33114  0.00000  0.66886  0.00000
0.2820  0.00000  0.32988  0.00000  0.67012  0.00000
0.2840  0.00000  0.32859  0.00000  0.67141  0.00000
0.2860  0.00000  0.32761  0.00000  0.67239  0.00000
0.2880  0.00000  0.32569  0.00000  0.67431  0.00000
0.2900  0.00000  0.32282  0.00000  0.67718  0.00000
0.2920  0.00000  0.32268  0.00000  0.67732  0.00000
0.2940  0.00000  0.32069  0.00000  0.67931  0.00000
0.2960  0.00000  0.31820  0.00000  0.68180  0.00000
0.2980  0.00000  0.31769  0.00000  0.68231  0.00000
0.3000  0.00000  0.31552  0.00000  0.68448  0.00000
0.3020  0.00000  0.31367  0.00000  0.68633  0.00000
0.3040  0.00000  0.31232  0.00000  0.68768  0.00000
0.3060  0.00000  0.30998  0.00000  0.69002  0.00000
0.3080  0.00000  0.30939  0.00000  0.69061  0.00000
0.3100  0.00000  0.30696  0.00000  0.69304  0.00000
0.3120  0.00000  0.30675  0.00000  0.69325  0.00000
0.3140  0.00000  0.30274  0.00000  0.69726  0.00000
0.3160  0.00000  0.30139  0.00000  0.69861  0.00000
0.3180  0.00000  0.30071  0.00000  0.69929  0.00000
0.3200  0.00000  0.29876  0.00000  0.70124  0.00000
0.3220  0.00000  0.29803  0.00000  0.70197  0.00000
0.3240  0.00000  0.29484  0.00000  0.70516  0.00000
0.3260  0.00000  0.29389  0.00000  0.70611  0.00000
0.3280  0.00000  0.29212  0.00000  0.70788  0.00000
0.3300  0.00000  0.28904  0.00000  0.71096  0.00000
0.3320  0.00000  0.28843  0.00000  0.71157  0.00000
0.3340  0.00000  0.28522  0.00000  0.71478  0.00000
0.3360  0.00000  0.28449  0.00000  0.71551  0.00000
0.3380  0.00000  0.28179  0.00000  0.71821  0.00000
0.3400  0.00000  0.27987  0.00000  0.72013  0.00000
0.3420  0.00000  0.27659  0.00000  0.72341  0.00000
0.3440  0.00000  0.27624  0.00000  0.72376  0.00000
0.3460  0.00000  0.27298  0.00000  0.72702  0.00000
0.3480  0.00000  0.27124  0.00000  0.72876  0.00000
0.3500  0.00000  0.26598  0.00000  0.73402  0.00000
0.3520  0.00000  0.26873  0.00000  0.73127  0.00000
0.3540  0.00000  0.26369  0.00000  0.73631  0.00000
0.3560  0.00000  0.26065  0.00000  0.73935  0.00000
0.3580  0.00000  0.25869  0.00000  0.74131  0.00000
0.3600  0.00000  0.25566  0.00000  0.74434  0.00000
0.3620  0.00000  0.25515  0.00000  0.74485  0.00000
0.3640  0.00000  0.25252  0.00000  0.74748  0.00000
0.3660  0.00000  0.24691  0.00000  0.75309  0.00000
0.3680  0.00000  0.24425  0.00000  0.75575  0.00000
0.3700  0.00000  0.23937  0.00000  0.76063  0.00000
0.3720  0.00000  0.23232  0.00000  0.76768  0.00000
0.3740  0.00000  0.22900  0.00000  0.77100  0.00000
0.3760  0.00000  0.22729  0.00000  0.77271  0.00000
0.3780  0.00000  0.21526  0.00000  0.78474  0.00000
0.3800  0.00000  0.21601  0.00000  0.78399  0.00000
0.3820  0.00000  0.20080  0.00000  0.79920  0.00000
0.3840  0.00000  0.20585  0.00000  0.79415  0.00000
0.3860  0.00000  0.19168  0.00000  0.80832  0.00000
0.3880  0.00000  0.18906  0.00000  0.81094  0.00000
0.3900  0.00000  0.18189  0.00000  0.81811  0.00000
0.3920  0.00000  0.18089  0.00000  0.81911  0.00000
0.3940  0.00000  0.17787  0.00000  0.82213  0.00000
0.3960  0.00000  0.17270  0.00000  0.82730  0.00000
0.3980  0.00000  0.16888  0.00000  0.83112  0.00000
0.4000  0.00000  0.16618  0.00000  0.83382  0.00000
0.4020  0.00000  0.15809  0.00000  0.84191  0.00000
0.4040  0.00000  0.15608  0.00000  0.84392  0.00000
0.4060  0.00000  0.15422  0.00000  0.84578  0.00000
0.4080  0.00000  0.15043  0.00000  0.84957  0.00000
0.4100  0.00000  0.14846  0.00000  0.85154  0.00000
0.4120  0.00000  0.14453  0.00000  0.85547  0.00000
0.4140  0.00000  0.14032  0.00000  0.85968  0.00000
0.4160  0.00000  0.13726  0.00000  0.86274  0.00000
0.4180  0.00000  0.17626  0.00000  0.82374  0.00000
0.4200  0.00000  0.13308  0.00000  0.86692  0.00000
0.4220  0.00000  0.13891  0.00000  0.86109  0.00000
0.4240  0.00000  0.12691  0.00000  0.87309  0.00000
0.4260  0.00000  0.12417  0.00000  0.87583  0.00000
0.4280  0.00000  0.12373  0.00000  0.87627  0.00000
0.4300  0.00000  0.12062  0.00000  0.87938  0.00000
0.4320  0.00000  0.11866  0.00000  0.88134  0.00000
0.4340  0.00000  0.11604  0.00000  0.88396  0.00000
0.4360  0.00000  0.11458  0.00000  0.88542  0.00000
0.4380  0.00000  0.11265  0.00000  0.88735  0.00000
0.4400  0.00000  0.16854  0.00000  0.83146  0.00000
0.4420  0.00000  0.11122  0.00000  0.88878  0.00000
0.4440  0.00000  0.13880  0.00000  0.86120  0.00000
0.4460  0.00000  0.16649  0.00000  0.83351  0.00000
0.4480  0.00000  0.10431  0.00000  0.89569  0.00000
0.4500  0.00000  0.10198  0.00000  0.89802  0.00000
0.4520  0.00000  0.09942  0.00000  0.90058  0.00000
0.4540  0.00000  0.09958  0.00000  0.90042  0.00000
0.4560  0.00000  0.09720  0.00000  0.90280  0.00000
0.4580  0.00000  0.10250  0.00000  0.89750  0.00000
0.4600  0.00000  0.14468  0.00000  0.85532  0.00000
0.4620  0.00000  0.09193  0.00000  0.90807  0.00000
0.4640  0.00000  0.14838  0.00000  0.85162  0.00000
0.4660  0.00000  0.08819  0.00000  0.91181  0.00000
0.4680  0.00000  0.08754  0.00000  0.91246  0.00000
0.4700  0.00000  0.08513  0.00000  0.91487  0.00000
0.4720  0.00000  0.08539  0.00000  0.91461  0.00000
0.4740  0.00000  0.14428  0.00000  0.85572  0.00000
0.4760  0.00000  0.08064  0.00000  0.91936  0.00000
0.4780  0.00000  0.08097  0.00000  0.91903  0.00000
0.4800  0.00000  0.07873  0.00000  0.92127  0.00000
0.4820  0.00000  0.07779  0.00000  0.92221  0.00000
0.4840  0.00000  0.14196  0.00000  0.85804  0.00000
0.4860  0.00000  0.07557  0.00000  0.92443  0.00000
0.4880  0.00000  0.07346  0.00000  0.92654  0.00000
0.4900  0.00000  0.07270  0.00000  0.92730  0.00000
0.4920  0.00000  0.15719  0.00000  0.84281  0.00000
0.4940  0.00000  0.06997  0.00000  0.93003  0.00000
0.4960  0.00000  0.09052  0.00000  0.90948  0.00000
0.4980  0.00000  0.06934  0.00000  0.93066  0.00000
0.5000  0.00000  0.13969  0.00000  0.86031  0.00000