0.0000  0.47124  0.00000  0.00000  0.00000  0.52876
0.0020  0.48781  0.00000  0.00000  0.00000  0.51219
0.0040  0.50791  0.00000  0.00000  0.00000  0.49209
0.0060  0.48958  0.00000  0.00000  0.00000  0.51042
0.0080  0.49869  0.00000  0.00000  0.00000  0.50131
0.0100  0.48803  0.00000  0.00000  0.00000  0.51197
0.0120  0.48814  0.00000  0.00000  0.00000  0.51186
0.0140  0.48649  0.00000  0.00000  0.00000  0.51351
0.0160  0.49117  0.00000  0.00000  0.00000  0.50883
0.0180  0.48601  0.00000  0.00000  0.00000  0.51399
0.0200  0.48001  0.00000  0.00000  0.00000  0.51999
0.0220  0.47762  0.00000  0.00000  0.00000  0.52238
0.0240  0.47528  0.00000  0.00000  0.00000  0.52472
0.0260  0.46651  0.00000  0.00000  0.00000  0.53349
0.0280  0.47441  0.00000  0.00000  0.00000  0.52559
0.0300  0.47339  0.00000  0.00000  0.00000  0.52661
0.0320  0.46574  0.00000  0.00000  0.00000  0.53426
0.0340  0.46541  0.00000  0.00000  0.00000  0.53459
0.0360  0.46028  0.00000  0.00000  0.00000  0.53972
0.0380  0.46262  0.00000  0.00000  0.00000  0.53738
0.0400  0.45797  0.00000  0.00000  0.00000  0.54203
0.0420  0.46091  0.00000  0.00000  0.00000  0.53909
0.0440  0.45626  0.00000  0.00000  0.00000  0.54374
0.0460  0.45227  0.00000  0.00000  0.00000  0.54773
0.0480  0.45025  0.00000  0.00000  0.00000  0.54975
0.0500  0.45312  0.00000  0.00000  0.00000  0.54688
0.0520  0.44271  0.00000  0.00000  0.00000  0.55729
0.0540  0.44670  0.00000  0.00000  0.00000  0.55330
0.0560  0.44199  0.00000  0.00000  0.00000  0.55801
0.0580  0.44221  0.00000  0.00000  0.00000  0.55779
0.0600  0.43801  0.00000  0.00000  0.00000  0.56199
0.0620  0.43563  0.00000  0.00000  0.00000  0.56437
0.0640  0.43420  0.00000  0.00000  0.00000  0.56580
0.0660  0.43284  0.00000  0.00000  0.00000  0.56716
0.0680  0.43284  0.00000  0.00000  0.00000  0.56716
0.0700  0.42355  0.00000  0.00000  0.00000  0.57645
0.0720  0.42682  0.00000  0.00000  0.00000  0.57318
0.0740  0.42470  0.00000  0.00000  0.00000  0.57530
0.0760  0.42172  0.00000  0.00000  0.00000  0.57828
0.0780  0.41970  0.00000  0.00000  0.00000  0.58030
0.0800  0.41810  0.00000  0.00000  0.00000  0.58190
0.0820  0.41298  0.00000  0.00000  0.00000  0.58702
0.0840  0.41252  0.00000  0.00000  0.00000  0.58748
0.0860  0.40722  0.00000  0.00000  0.00000  0.59278
0.0880  0.40479  0.00000  0.00000  0.00000  0.59521
0.0900  0.40467  0.00000  0.00000  0.00000  0.59533
0.0920  0.40376  0.00000  0.00000  0.00000  0.59624
0.0940  0.40180  0.00000  0.00000  0.00000  0.59820
0.0960  0.40105  0.00000  0.00000  0.00000  0.59895
0.0980  0.39677  0.00000  0.00000  0.00000  0.60323
0.1000  0.39551  0.00000  0.00000  0.00000  0.60449
0.1020  0.39267  0.00000  0.00000  0.00000  0.60733
0.1040  0.39164  0.00000  0.00000  0.00000  0.60836
0.1060  0.39014  0.00000  0.00000  0.00000  0.60986
0.1080  0.38553  0.00000  0.00000  0.00000  0.61447
0.1100  0.38628  0.00000  0.00000  0.00000  0.61372
0.1120  0.38251  0.00000  0.00000  0.00000  0.61749
0.1140  0.38052  0.00000  0.00000  0.00000  0.61948
0.1160  0.38017  0.00000  0.00000  0.00000  0.61983
0.1180  0.37531  0.00000  0.00000  0.00000  0.62469
0.1200  0.37460  0.00000  0.00000  0.00000  0.62540
0.1220  0.37092  0.00000  0.00000  0.00000  0.62908
0.1240  0.36755  0.00000  0.00000  0.00000  0.63245
0.1260  0.36669  0.00000  0.00000  0.00000  0.63331
0.1280  0.36583  0.00000  0.00000  0.00000  0.63417
0.1300  0.36269  0.00000  0.00000  0.00000  0.63731
0.1320  0.35836  0.00000  0.00000  0.00000  0.64164
0.1340  0.35834  0.00000  0.00000  0.00000  0.64166
0.1360  0.35534  0.00000  0.00000  0.00000  0.64466
0.1380  0.35389  0.00000  0.00000  0.00000  0.64611
0.1400  0.35036  0.00000  0.00000  0.00000  0.64964
0.1420  0.35028  0.00000  0.00000  0.00000  0.64972
0.1440  0.34622  0.00000  0.00000  0.00000  0.65378
0.1460  0.34396  0.00000  0.00000  0.00000  0.65604
0.1480  0.34178  0.00000  0.00000  0.00000  0.65822
0.1500  0.34041  0.00000  0.00000  0.00000  0.65959
0.1520  0.33902  0.00000  0.00000  0.00000  0.66098
0.1540  0.33604  0.00000  0.00000  0.00000  0.66396
0.1560  0.33299  0.00000  0.00000  0.00000  0.66701
0.1580  0.33150  0.00000  0.00000  0.00000  0.66850
0.1600  0.32967  0.00000  0.00000  0.00000  0.67033
0.1620  0.32686  0.00000  0.00000  0.00000  0.67314
0.1640  0.32719  0.00000  0.00000  0.00000  0.67281
0.1660  0.32096  0.00000  0.00000  0.00000  0.67904
0.1680  0.31974  0.00000  0.00000  0.00000  0.68026
0.1700  0.31792  0.00000  0.00000  0.00000  0.68208
0.1720  0.31626  0.00000  0.00000  0.00000  0.68374
0.1740  0.31281  0.00000  0.00000  0.00000  0.68719
0.1760  0.31156  0.00000  0.00000  0.00000  0.68844
0.1780  0.30929  0.00000  0.00000  0.00000  0.69071
0.1800  0.30822  0.00000  0.00000  0.00000  0.69178
0.1820  0.30460  0.00000  0.00000  0.00000  0.69540
0.1840  0.30264  0.00000  0.00000  0.00000  0.69736
0.1860  0.29957  0.00000  0.00000  0.00000  0.70043
0.1880  0.29624  0.00000  0.00000  0.00000  0.70376
0.1900  0.29540  0.00000  0.00000  0.00000  0.70460
0.1920  0.29413  0.00000  0.00000  0.00000  0.70587
0.1940  0.29134  0.00000  0.00000  0.00000  0.70866
0.1960  0.28970  0.00000  0.00000  0.00000  0.71030
0.1980  0.28827  0.00000  0.00000  0.00000  0.71173
0.2000  0.28505  0.00000  0.00000  0.00000  0.71495
0.2020  0.28284  0.00000  0.00000  0.00000  0.71716
0.2040  0.28008  0.00000  0.00000  0.00000  0.71992
0.2060  0.27803  0.00000  0.00000  0.00000  0.72197
0.2080  0.27619  0.00000  0.00000  0.00000  0.72381
0.2100  0.27291  0.00000  0.00000  0.00000  0.72709
0.2120  0.27086  0.00000  0.00000  0.00000  0.72914
0.2140  0.26934  0.00000  0.00000  0.00000  0.73066
0.2160  0.26690  0.00000  0.00000  0.00000  0.73310
0.2180  0.26565  0.00000  0.00000  0.00000  0.73435
0.2200  0.26173  0.00000  0.00000  0.00000  0.73827
0.2220  0.26068  0.00000  0.00000  0.00000  0.73932
0.2240  0.25822  0.00000  0.00000  0.00000  0.74178
0.2260  0.25564  0.00000  0.00000  0.00000  0.74436
0.2280  0.25398  0.00000  0.00000  0.00000  0.74602
0.2300  0.25129  0.00000  0.00000  0.00000  0.74871
0.2320  0.24832  0.00000  0.00000  0.00000  0.75168
0.2340  0.24616  0.00000  0.00000  0.00000  0.75384
0.2360  0.24421  0.00000  0.00000  0.00000  0.75579
0.2380  0.24138  0.00000  0.00000  0.00000  0.75862
0.2400  0.24072  0.00000  0.00000  0.00000  0.75928
0.2420  0.23764  0.00000  0.00000  0.00000  0.76236
0.2440  0.23591  0.00000  0.00000  0.00000  0.76409
0.2460  0.23296  0.00000  0.00000  0.00000  0.76704
0.2480  0.23105  0.00000  0.00000  0.00000  0.76895
0.2500  0.22833  0.00000  0.00000  0.00000  0.77167
0.2520  0.22546  0.00000  0.00000  0.00000  0.77454
0.2540  0.22411  0.00000  0.00000  0.00000  0.77589
0.2560  0.22241  0.00000  0.00000  0.00000  0.77759
0.2580  0.21916  0.00000  0.00000  0.00000  0.78084
0.2600  0.21771  0.00000  0.00000  0.00000  0.78229
0.2620  0.21542  0.00000  0.00000  0.00000  0.78458
0.2640  0.21257  0.00000  0.00000  0.00000  0.78743
0.2660  0.21035  0.00000  0.00000  0.00000  0.78965
0.2680  0.20832  0.00000  0.00000  0.00000  0.79168
0.2700  0.20522  0.00000  0.00000  0.00000  0.79478
0.2720  0.20203  0.00000  0.00000  0.00000  0.79797
0.2740  0.20068  0.00000  0.00000  0.00000  0.79932
0.2760  0.20010  0.00000  0.00000  0.00000  0.79990
0.2780  0.19772  0.00000  0.00000  0.00000  0.80228
0.2800  0.19443  0.00000  0.00000  0.00000  0.80557
0.2820  0.19221  0.00000  0.00000  0.00000  0.80779
0.2840  0.18993  0.00000  0.00000  0.00000  0.81007
0.2860  0.18775  0.00000  0.00000  0.00000  0.81225
0.2880  0.18599  0.00000  0.00000  0.00000  0.81401
0.2900  0.18411  0.00000  0.00000  0.00000  0.81589
0.2920  0.18156  0.00000  0.00000  0.00000  0.81844
0.2940  0.17964  0.00000  0.00000  0.00000  0.82036
0.2960  0.17631  0.00000  0.00000  0.00000  0.82369
0.2980  0.17564  0.00000  0.00000  0.00000  0.82436
0.3000  0.17179  0.00000  0.00000  0.00000  0.82821
0.3020  0.17018  0.00000  0.00000  0.00000  0.82982
0.3040  0.16699  0.00000  0.00000  0.00000  0.83301
0.3060  0.16526  0.00000  0.00000  0.00000  0.83474
0.3080  0.16246  0.00000  0.00000  0.00000  0.83754
0.3100  0.16087  0.00000  0.00000  0.00000  0.83913
0.3120  0.15949  0.00000  0.00000  0.00000  0.84051
0.3140  0.15660  0.00000  0.00000  0.00000  0.84340
0.3160  0.15364  0.00000  0.00000  0.00000  0.84636
0.3180  0.15166  0.00000  0.00000  0.00000  0.84834
0.3200  0.14913  0.00000  0.00000  0.00000  0.85087
0.3220  0.14776  0.00000  0.00000  0.00000  0.85224
0.3240  0.14471  0.00000  0.00000  0.00000  0.85529
0.3260  0.14282  0.00000  0.00000  0.00000  0.85718
0.3280  0.14096  0.00000  0.00000  0.00000  0.85904
0.3300  0.13893  0.00000  0.00000  0.00000  0.86107
0.3320  0.13657  0.00000  0.00000  0.00000  0.86343
0.3340  0.13385  0.00000  0.00000  0.00000  0.86615
0.3360  0.13206  0.00000  0.00000  0.00000  0.86794
0.3380  0.12941  0.00000  0.00000  0.00000  0.87059
0.3400  0.12740  0.00000  0.00000  0.00000  0.87260
0.3420  0.12445  0.00000  0.00000  0.00000  0.87555
0.3440  0.12333  0.00000  0.00000  0.00000  0.87667
0.3460  0.12062  0.00000  0.00000  0.00000  0.87938
0.3480  0.11809  0.00000  0.00000  0.00000  0.88191
0.3500  0.11449  0.00000  0.00000  0.00000  0.88551
0.3520  0.11397  0.00000  0.00000  0.00000  0.88603
0.3540  0.10995  0.00000  0.00000  0.00000  0.89005
0.3560  0.10881  0.00000  0.00000  0.00000  0.89119
0.3580  0.10630  0.00000  0.00000  0.00000  0.89370
0.3600  0.10312  0.00000  0.00000  0.00000  0.89688
0.3620  0.10317  0.00000  0.00000  0.00000  0.89683
0.3640  0.10018  0.00000  0.00000  0.00000  0.89982
0.3660  0.09716  0.00000  0.00000  0.00000  0.90284
0.3680  0.09485  0.00000  0.00000  0.00000  0.90515
0.3700  0.09121  0.00000  0.00000  0.00000  0.90879
0.3720  0.08763  0.00000  0.00000  0.00000  0.91237
0.3740  0.08563  0.00000  0.00000  0.00000  0.91437
0.3760  0.08380  0.00000  0.00000  0.00000  0.91620
0.3780  0.07842  0.00000  0.00000  0.00000  0.92158
0.3800  0.07813  0.00000  0.00000  0.00000  0.92187
0.3820  0.07249  0.00000  0.00000  0.00000  0.92751
0.3840  0.07303  0.00000  0.00000  0.00000  0.92697
0.3860  0.06827  0.00000  0.00000  0.00000  0.93173
0.3880  0.06706  0.00000  0.00000  0.00000  0.93294
0.3900  0.06425  0.00000  0.00000  0.00000  0.93575
0.3920  0.06346  0.00000  0.00000  0.00000  0.93654
0.3940  0.06240  0.00000  0.00000  0.00000  0.93760
0.3960  0.06008  0.00000  0.00000  0.00000  0.93992
0.3980  0.05884  0.00000  0.00000  0.00000  0.94116
0.4000  0.05770  0.00000  0.00000  0.00000  0.94230
0.4020  0.05530  0.00000  0.00000  0.00000  0.94470
0.4040  0.05439  0.00000  0.00000  0.00000  0.94561
0.4060  0.05325  0.00000  0.00000  0.00000  0.94675
0.4080  0.05227  0.00000  0.00000  0.00000  0.94773
0.4100  0.05143  0.00000  0.00000  0.00000  0.94857
0.4120  0.04994  0.00000  0.00000  0.00000  0.95006
0.4140  0.04880  0.00000  0.00000  0.00000  0.95120
0.4160  0.04741  0.00000  0.00000  0.00000  0.95259
0.4180  0.05304  0.00000  0.00000  0.00000  0.94696
0.4200  0.04536  0.00000  0.00000  0.00000  0.95464
0.4220  0.04594  0.00000  0.00000  0.00000  0.95406
0.4240  0.04373  0.00000  0.00000  0.00000  0.95627
0.4260  0.04247  0.00000  0.00000  0.00000  0.95753
0.4280  0.04203  0.00000  0.00000  0.00000  0.95797
0.4300  0.04146  0.00000  0.00000  0.00000  0.95854
0.4320  0.04060  0.00000  0.00000  0.00000  0.95940
0.4340  0.03951  0.00000  0.00000  0.00000  0.96049
0.4360  0.03879  0.00000  0.00000  0.00000  0.96121
0.4380  0.03818  0.00000  0.00000  0.00000  0.96182
0.4400  0.04543  0.00000  0.00000  0.00000  0.95457
0.4420  0.03670  0.00000  0.00000  0.00000  0.96330
0.4440  0.03911  0.00000  0.00000  0.00000  0.96089
0.4460  0.04322  0.00000  0.00000  0.00000  0.95678
0.4480  0.03467  0.00000  0.00000  0.00000  0.96533
0.4500  0.03392  0.00000  0.00000  0.00000  0.96608
0.4520  0.03329  0.00000  0.00000  0.00000  0.96671
0.4540  0.03248  0.00000  0.00000  0.00000  0.96752
0.4560  0.03198  0.00000  0.00000  0.00000  0.96802
0.4580  0.03177  0.00000  0.00000  0.00000  0.96823
0.4600  0.03490  0.00000  0.00000  0.00000  0.96510
0.4620  0.03003  0.00000  0.00000  0.00000  0.96997
0.4640  0.03426  0.00000  0.00000  0.00000  0.96574
0.4660  0.02907  0.00000  0.00000  0.00000  0.97093
0.4680  0.02890  0.00000  0.00000  0.00000  0.97110
0.4700  0.02773  0.00000  0.00000  0.00000  0.97227
0.4720  0.02770  0.00000  0.00000  0.00000  0.97230
0.4740  0.03127  0.00000  0.00000  0.00000  0.96873
0.4760  0.02662  0.00000  0.00000  0.00000  0.97338
0.4780  0.02627  0.00000  0.00000  0.00000  0.97373
0.4800  0.02554  0.00000  0.00000  0.00000  0.97446
0.4820  0.02511  0.00000  0.00000  0.00000  0.97489
0.4840  0.02876  0.00000  0.00000  0.00000  0.97124
0.4860  0.02417  0.00000  0.00000  0.00000  0.97583
0.4880  0.02369  0.00000  0.00000  0.00000  0.97631
0.4900  0.02317  0.00000  0.00000  0.00000  0.97683
0.4920  0.03054  0.00000  0.00000  0.00000  0.96946
0.4940  0.02253  0.00000  0.00000  0.00000  0.97747
0.4960  0.02311  0.00000  0.00000  0.00000  0.97689
0.4980  0.02175  0.00000  0.00000  0.00000  0.97825
0.5000  0.02513  0.00000  0.00000  0.00000  0.97487