0.0000  0.66787  0.00000  0.00000  0.00000  0.33213
0.0020  0.67369  0.00000  0.00000  0.00000  0.32631
0.0040  0.66322  0.00000  0.00000  0.00000  0.33678
0.0060  0.66013  0.00000  0.00000  0.00000  0.33987
0.0080  0.65814  0.00000  0.00000  0.00000  0.34186
0.0100  0.65647  0.00000  0.00000  0.00000  0.34353
0.0120  0.65975  0.00000  0.00000  0.00000  0.34025
0.0140  0.66119  0.00000  0.00000  0.00000  0.33881
0.0160  0.64954  0.00000  0.00000  0.00000  0.35046
0.0180  0.64669  0.00000  0.00000  0.00000  0.35331
0.0200  0.65073  0.00000  0.00000  0.00000  0.34927
0.0220  0.64847  0.00000  0.00000  0.00000  0.35153
0.0240  0.64240  0.00000  0.00000  0.00000  0.35760
0.0260  0.64161  0.00000  0.00000  0.00000  0.35839
0.0280  0.63978  0.00000  0.00000  0.00000  0.36022
0.0300  0.63824  0.00000  0.00000  0.00000  0.36176
0.0320  0.64133  0.00000  0.00000  0.00000  0.35867
0.0340  0.63466  0.00000  0.00000  0.00000  0.36534
0.0360  0.63171  0.00000  0.00000  0.00000  0.36829
0.0380  0.62795  0.00000  0.00000  0.00000  0.37205
0.0400  0.63317  0.00000  0.00000  0.00000  0.36683
0.0420  0.62998  0.00000  0.00000  0.00000  0.37002
0.0440  0.63488  0.00000  0.00000  0.00000  0.36512
0.0460  0.62203  0.00000  0.00000  0.00000  0.37797
0.0480  0.62338  0.00000  0.00000  0.00000  0.37662
0.0500  0.62636  0.00000  0.00000  0.00000  0.37364
0.0520  0.61593  0.00000  0.00000  0.00000  0.38407
0.0540  0.61617  0.00000  0.00000  0.00000  0.38383
0.0560  0.61347  0.00000  0.00000  0.00000  0.38653
0.0580  0.61301  0.00000  0.00000  0.00000  0.38699
0.0600  0.60665  0.00000  0.00000  0.00000  0.39335
0.0620  0.60215  0.00000  0.00000  0.00000  0.39785
0.0640  0.61088  0.00000  0.00000  0.00000  0.38912
0.0660  0.60390  0.00000  0.00000  0.00000  0.39610
0.0680  0.60082  0.00000  0.00000  0.00000  0.39918
0.0700  0.59857  0.00000  0.00000  0.00000  0.40143
0.0720  0.59185  0.00000  0.00000  0.00000  0.40815
0.0740  0.59561  0.00000  0.00000  0.00000  0.40439
0.0760  0.59598  0.00000  0.00000  0.00000  0.40402
0.0780  0.59415  0.00000  0.00000  0.00000  0.40585
0.0800  0.58335  0.00000  0.00000  0.00000  0.41665
0.0820  0.59110  0.00000  0.00000  0.00000  0.40890
0.0840  0.58660  0.00000  0.00000  0.00000  0.41340
0.0860  0.58085  0.00000  0.00000  0.00000  0.41915
0.0880  0.58114  0.00000  0.00000  0.00000  0.41886
0.0900  0.58661  0.00000  0.00000  0.00000  0.41339
0.0920  0.57951  0.00000  0.00000  0.00000  0.42049
0.0940  0.57802  0.00000  0.00000  0.00000  0.42198
0.0960  0.57242  0.00000  0.00000  0.00000  0.42758
0.0980  0.57707  0.00000  0.00000  0.00000  0.42293
0.1000  0.56925  0.00000  0.00000  0.00000  0.43075
0.1020  0.56856  0.00000  0.00000  0.00000  0.43144
0.1040  0.56488  0.00000  0.00000  0.00000  0.43512
0.1060  0.55922  0.00000  0.00000  0.00000  0.44078
0.1080  0.55676  0.00000  0.00000  0.00000  0.44324
0.1100  0.56033  0.00000  0.00000  0.00000  0.43967
0.1120  0.55227  0.00000  0.00000  0.00000  0.44773
0.1140  0.55287  0.00000  0.00000  0.00000  0.44713
0.1160  0.55430  0.00000  0.00000  0.00000  0.44570
0.1180  0.55454  0.00000  0.00000  0.00000  0.44546
0.1200  0.54682  0.00000  0.00000  0.00000  0.45318
0.1220  0.54174  0.00000  0.00000  0.00000  0.45826
0.1240  0.54028  0.00000  0.00000  0.00000  0.45972
0.1260  0.54085  0.00000  0.00000  0.00000  0.45915
0.1280  0.53646  0.00000  0.00000  0.00000  0.46354
0.1300  0.53866  0.00000  0.00000  0.00000  0.46134
0.1320  0.53263  0.00000  0.00000  0.00000  0.46737
0.1340  0.53071  0.00000  0.00000  0.00000  0.46929
0.1360  0.53058  0.00000  0.00000  0.00000  0.46942
0.1380  0.52331  0.00000  0.00000  0.00000  0.47669
0.1400  0.52296  0.00000  0.00000  0.00000  0.47704
0.1420  0.51918  0.00000  0.00000  0.00000  0.48082
0.1440  0.51609  0.00000  0.00000  0.00000  0.48391
0.1460  0.51376  0.00000  0.00000  0.00000  0.48624
0.1480  0.52014  0.00000  0.00000  0.00000  0.47986
0.1500  0.51203  0.00000  0.00000  0.00000  0.48797
0.1520  0.51501  0.00000  0.00000  0.00000  0.48499
0.1540  0.50785  0.00000  0.00000  0.00000  0.49215
0.1560  0.50767  0.00000  0.00000  0.00000  0.49233
0.1580  0.50021  0.00000  0.00000  0.00000  0.49979
0.1600  0.49895  0.00000  0.00000  0.00000  0.50105
0.1620  0.50100  0.00000  0.00000  0.00000  0.49900
0.1640  0.49404  0.00000  0.00000  0.00000  0.50596
0.1660  0.49839  0.00000  0.00000  0.00000  0.50161
0.1680  0.49144  0.00000  0.00000  0.00000  0.50856
0.1700  0.48451  0.00000  0.00000  0.00000  0.51549
0.1720  0.48513  0.00000  0.00000  0.00000  0.51487
0.1740  0.48917  0.00000  0.00000  0.00000  0.51083
0.1760  0.48443  0.00000  0.00000  0.00000  0.51557
0.1780  0.48590  0.00000  0.00000  0.00000  0.51410
0.1800  0.48136  0.00000  0.00000  0.00000  0.51864
0.1820  0.47532  0.00000  0.00000  0.00000  0.52468
0.1840  0.47622  0.00000  0.00000  0.00000  0.52378
0.1860  0.47336  0.00000  0.00000  0.00000  0.52664
0.1880  0.47238  0.00000  0.00000  0.00000  0.52762
0.1900  0.46540  0.00000  0.00000  0.00000  0.53460
0.1920  0.46409  0.00000  0.00000  0.00000  0.53591
0.1940  0.45958  0.00000  0.00000  0.00000  0.54042
0.1960  0.45993  0.00000  0.00000  0.00000  0.54007
0.1980  0.45839  0.00000  0.00000  0.00000  0.54161
0.2000  0.45301  0.00000  0.00000  0.00000  0.54699
0.2020  0.45266  0.00000  0.00000  0.00000  0.54734
0.2040  0.44687  0.00000  0.00000  0.00000  0.55313
0.2060  0.44742  0.00000  0.00000  0.00000  0.55258
0.2080  0.44477  0.00000  0.00000  0.00000  0.55523
0.2100  0.43559  0.00000  0.00000  0.00000  0.56441
0.2120  0.44008  0.00000  0.00000  0.00000  0.55992
0.2140  0.43855  0.00000  0.00000  0.00000  0.56145
0.2160  0.43381  0.00000  0.00000  0.00000  0.56619
0.2180  0.43128  0.00000  0.00000  0.00000  0.56872
0.2200  0.42464  0.00000  0.00000  0.00000  0.57536
0.2220  0.43180  0.00000  0.00000  0.00000  0.56820
0.2240  0.42933  0.00000  0.00000  0.00000  0.57067
0.2260  0.42090  0.00000  0.00000  0.00000  0.57910
0.2280  0.41502  0.00000  0.00000  0.00000  0.58498
0.2300  0.41781  0.00000  0.00000  0.00000  0.58219
0.2320  0.41748  0.00000  0.00000  0.00000  0.58252
0.2340  0.41037  0.00000  0.00000  0.00000  0.58963
0.2360  0.40708  0.00000  0.00000  0.00000  0.59292
0.2380  0.40981  0.00000  0.00000  0.00000  0.59019
0.2400  0.40252  0.00000  0.00000  0.00000  0.59748
0.2420  0.40017  0.00000  0.00000  0.00000  0.59983
0.2440  0.40194  0.00000  0.00000  0.00000  0.59806
0.2460  0.39442  0.00000  0.00000  0.00000  0.60558
0.2480  0.38765  0.00000  0.00000  0.00000  0.61235
0.2500  0.39258  0.00000  0.00000  0.00000  0.60742
0.2520  0.38880  0.00000  0.00000  0.00000  0.61120
0.2540  0.38367  0.00000  0.00000  0.00000  0.61633
0.2560  0.38315  0.00000  0.00000  0.00000  0.61685
0.2580  0.38139  0.00000  0.00000  0.00000  0.61861
0.2600  0.37563  0.00000  0.00000  0.00000  0.62437
0.2620  0.37590  0.00000  0.00000  0.00000  0.62410
0.2640  0.37152  0.00000  0.00000  0.00000  0.62848
0.2660  0.36564  0.00000  0.00000  0.00000  0.63436
0.2680  0.36955  0.00000  0.00000  0.00000  0.63045
0.2700  0.36799  0.00000  0.00000  0.00000  0.63201
0.2720  0.36106  0.00000  0.00000  0.00000  0.63894
0.2740  0.35835  0.00000  0.00000  0.00000  0.64165
0.2760  0.35425  0.00000  0.00000  0.00000  0.64575
0.2780  0.35149  0.00000  0.00000  0.00000  0.64851
0.2800  0.35005  0.00000  0.00000  0.00000  0.64995
0.2820  0.34912  0.00000  0.00000  0.00000  0.65088
0.2840  0.34622  0.00000  0.00000  0.00000  0.65378
0.2860  0.34376  0.00000  0.00000  0.00000  0.65624
0.2880  0.34184  0.00000  0.00000  0.00000  0.65816
0.2900  0.34219  0.00000  0.00000  0.00000  0.65781
0.2920  0.33679  0.00000  0.00000  0.00000  0.66321
0.2940  0.33129  0.00000  0.00000  0.00000  0.66871
0.2960  0.32699  0.00000  0.00000  0.00000  0.67301
0.2980  0.32683  0.00000  0.00000  0.00000  0.67317
0.3000  0.32141  0.00000  0.00000  0.00000  0.67859
0.3020  0.32070  0.00000  0.00000  0.00000  0.67930
0.3040  0.31759  0.00000  0.00000  0.00000  0.68241
0.3060  0.31157  0.00000  0.00000  0.00000  0.68843
0.3080  0.31091  0.00000  0.00000  0.00000  0.68909
0.3100  0.30604  0.00000  0.00000  0.00000  0.69396
0.3120  0.30796  0.00000  0.00000  0.00000  0.69204
0.3140  0.30716  0.00000  0.00000  0.00000  0.69284
0.3160  0.30467  0.00000  0.00000  0.00000  0.69533
0.3180  0.30146  0.00000  0.00000  0.00000  0.69854
0.3200  0.29665  0.00000  0.00000  0.00000  0.70335
0.3220  0.29652  0.00000  0.00000  0.00000  0.70348
0.3240  0.29311  0.00000  0.00000  0.00000  0.70689
0.3260  0.28975  0.00000  0.00000  0.00000  0.71025
0.3280  0.28451  0.00000  0.00000  0.00000  0.71549
0.3300  0.28404  0.00000  0.00000  0.00000  0.71596
0.3320  0.27854  0.00000  0.00000  0.00000  0.72146
0.3340  0.27869  0.00000  0.00000  0.00000  0.72131
0.3360  0.27381  0.00000  0.00000  0.00000  0.72619
0.3380  0.27268  0.00000  0.00000  0.00000  0.72732
0.3400  0.27143  0.00000  0.00000  0.00000  0.72857
0.3420  0.26720  0.00000  0.00000  0.00000  0.73280
0.3440  0.26671  0.00000  0.00000  0.00000  0.73329
0.3460  0.26156  0.00000  0.00000  0.00000  0.73844
0.3480  0.25597  0.00000  0.00000  0.00000  0.74403
0.3500  0.25418  0.00000  0.00000  0.00000  0.74582
0.3520  0.25368  0.00000  0.00000  0.00000  0.74632
0.3540  0.24854  0.00000  0.00000  0.00000  0.75146
0.3560  0.24923  0.00000  0.00000  0.00000  0.75077
0.3580  0.24429  0.00000  0.00000  0.00000  0.75571
0.3600  0.24438  0.00000  0.00000  0.00000  0.75562
0.3620  0.24020  0.00000  0.00000  0.00000  0.75980
0.3640  0.23319  0.00000  0.00000  0.00000  0.76681
0.3660  0.22818  0.00000  0.00000  0.00000  0.77182
0.3680  0.22773  0.00000  0.00000  0.00000  0.77227
0.3700  0.22867  0.00000  0.00000  0.00000  0.77133
0.3720  0.22031  0.00000  0.00000  0.00000  0.77969
0.3740  0.22200  0.00000  0.00000  0.00000  0.77800
0.3760  0.21942  0.00000  0.00000  0.00000  0.78058
0.3780  0.21431  0.00000  0.00000  0.00000  0.78569
0.3800  0.20917  0.00000  0.00000  0.00000  0.79083
0.3820  0.20665  0.00000  0.00000  0.00000  0.79335
0.3840  0.20571  0.00000  0.00000  0.00000  0.79429
0.3860  0.20400  0.00000  0.00000  0.00000  0.79600
0.3880  0.20309  0.00000  0.00000  0.00000  0.79691
0.3900  0.19816  0.00000  0.00000  0.00000  0.80184
0.3920  0.19116  0.00000  0.00000  0.00000  0.80884
0.3940  0.19480  0.00000  0.00000  0.00000  0.80520
0.3960  0.19120  0.00000  0.00000  0.00000  0.80880
0.3980  0.18226  0.00000  0.00000  0.00000  0.81774
0.4000  0.18373  0.00000  0.00000  0.00000  0.81627
0.4020  0.17848  0.00000  0.00000  0.00000  0.82152
0.4040  0.17391  0.00000  0.00000  0.00000  0.82609
0.4060  0.16668  0.00000  0.00000  0.00000  0.83332
0.4080  0.16705  0.00000  0.00000  0.00000  0.83295
0.4100  0.15979  0.00000  0.00000  0.00000  0.84021
0.4120  0.16687  0.00000  0.00000  0.00000  0.83313
0.4140  0.16018  0.00000  0.00000  0.00000  0.83982
0.4160  0.15569  0.00000  0.00000  0.00000  0.84431
0.4180  0.15789  0.00000  0.00000  0.00000  0.84211
0.4200  0.14958  0.00000  0.00000  0.00000  0.85042
0.4220  0.14047  0.00000  0.00000  0.00000  0.85953
0.4240  0.14203  0.00000  0.00000  0.00000  0.85797
0.4260  0.13671  0.00000  0.00000  0.00000  0.86329
0.4280  0.12904  0.00000  0.00000  0.00000  0.87096
0.4300  0.13899  0.00000  0.00000  0.00000  0.86101
0.4320  0.12022  0.00000  0.00000  0.00000  0.87978
0.4340  0.11731  0.00000  0.00000  0.00000  0.88269
0.4360  0.11206  0.00000  0.00000  0.00000  0.88794
0.4380  0.11383  0.00000  0.00000  0.00000  0.88617
0.4400  0.11483  0.00000  0.00000  0.00000  0.88517
0.4420  0.09415  0.00000  0.00000  0.00000  0.90585
0.4440  0.08853  0.00000  0.00000  0.00000  0.91147
0.4460  0.08873  0.00000  0.00000  0.00000  0.91127
0.4480  0.08703  0.00000  0.00000  0.00000  0.91297
0.4500  0.08304  0.00000  0.00000  0.00000  0.91696
0.4520  0.08168  0.00000  0.00000  0.00000  0.91832
0.4540  0.07542  0.00000  0.00000  0.00000  0.92458
0.4560  0.07634  0.00000  0.00000  0.00000  0.92366
0.4580  0.07469  0.00000  0.00000  0.00000  0.92531
0.4600  0.06910  0.00000  0.00000  0.00000  0.93090
0.4620  0.06950  0.00000  0.00000  0.00000  0.93050
0.4640  0.06972  0.00000  0.00000  0.00000  0.93028
0.4660  0.06527  0.00000  0.00000  0.00000  0.93473
0.4680  0.06383  0.00000  0.00000  0.00000  0.93617
0.4700  0.06458  0.00000  0.00000  0.00000  0.93542
0.4720  0.06030  0.00000  0.00000  0.00000  0.93970
0.4740  0.05920  0.00000  0.00000  0.00000  0.94080
0.4760  0.05883  0.00000  0.00000  0.00000  0.94117
0.4780  0.05671  0.00000  0.00000  0.00000  0.94329
0.4800  0.05507  0.00000  0.00000  0.00000  0.94493
0.4820  0.06843  0.00000  0.00000  0.00000  0.93157
0.4840  0.05325  0.00000  0.00000  0.00000  0.94675
0.4860  0.05375  0.00000  0.00000  0.00000  0.94625
0.4880  0.05014  0.00000  0.00000  0.00000  0.94986
0.4900  0.05014  0.00000  0.00000  0.00000  0.94986
0.4920  0.05108  0.00000  0.00000  0.00000  0.94892
0.4940  0.04799  0.00000  0.00000  0.00000  0.95201
0.4960  0.04812  0.00000  0.00000  0.00000  0.95188
0.4980  0.04616  0.00000  0.00000  0.00000  0.95384
0.5000  0.04601  0.00000  0.00000  0.00000  0.95399