0.0000  0.33288  0.33404  0.00000  0.33308  0.00000
0.0020  0.33322  0.33456  0.00000  0.33222  0.00000
0.0040  0.33278  0.33251  0.00000  0.33471  0.00000
0.0060  0.32873  0.33254  0.00000  0.33872  0.00000
0.0080  0.32838  0.33297  0.00000  0.33864  0.00000
0.0100  0.32990  0.33180  0.00000  0.33830  0.00000
0.0120  0.32721  0.33357  0.00000  0.33922  0.00000
0.0140  0.32616  0.33154  0.00000  0.34231  0.00000
0.0160  0.32432  0.33182  0.00000  0.34387  0.00000
0.0180  0.32513  0.33234  0.00000  0.34253  0.00000
0.0200  0.32639  0.32875  0.00000  0.34486  0.00000
0.0220  0.32452  0.33085  0.00000  0.34463  0.00000
0.0240  0.32174  0.33017  0.00000  0.34809  0.00000
0.0260  0.32186  0.32883  0.00000  0.34931  0.00000
0.0280  0.32136  0.33012  0.00000  0.34853  0.00000
0.0300  0.32007  0.32862  0.00000  0.35131  0.00000
0.0320  0.32045  0.32973  0.00000  0.34982  0.00000
0.0340  0.31834  0.32865  0.00000  0.35302  0.00000
0.0360  0.31207  0.33116  0.00000  0.35676  0.00000
0.0380  0.31492  0.32953  0.00000  0.35555  0.00000
0.0400  0.31648  0.32737  0.00000  0.35615  0.00000
0.0420  0.31559  0.32654  0.00000  0.35787  0.00000
0.0440  0.31386  0.32759  0.00000  0.35855  0.00000
0.0460  0.31167  0.32764  0.00000  0.36069  0.00000
0.0480  0.31427  0.32498  0.00000  0.36075  0.00000
0.0500  0.31008  0.32727  0.00000  0.36265  0.00000
0.0520  0.30974  0.32612  0.00000  0.36414  0.00000
0.0540  0.30861  0.32623  0.00000  0.36516  0.00000
0.0560  0.30762  0.32565  0.00000  0.36673  0.00000
0.0580  0.30763  0.32576  0.00000  0.36661  0.00000
0.0600  0.30675  0.32689  0.00000  0.36637  0.00000
0.0620  0.30514  0.32521  0.00000  0.36965  0.00000
0.0640  0.30369  0.32436  0.00000  0.37195  0.00000
0.0660  0.30247  0.32595  0.00000  0.37158  0.00000
0.0680  0.30241  0.32213  0.00000  0.37546  0.00000
0.0700  0.29988  0.32336  0.00000  0.37676  0.00000
0.0720  0.30040  0.32332  0.00000  0.37628  0.00000
0.0740  0.30154  0.32062  0.00000  0.37785  0.00000
0.0760  0.29939  0.32261  0.00000  0.37800  0.00000
0.0780  0.29975  0.32215  0.00000  0.37811  0.00000
0.0800  0.29671  0.32208  0.00000  0.38121  0.00000
0.0820  0.29500  0.32238  0.00000  0.38262  0.00000
0.0840  0.29481  0.32202  0.00000  0.38317  0.00000
0.0860  0.29448  0.32233  0.00000  0.38319  0.00000
0.0880  0.29385  0.31994  0.00000  0.38620  0.00000
0.0900  0.29370  0.31967  0.00000  0.38663  0.00000
0.0920  0.29184  0.32013  0.00000  0.38803  0.00000
0.0940  0.28895  0.32060  0.00000  0.39045  0.00000
0.0960  0.29045  0.31868  0.00000  0.39087  0.00000
0.0980  0.28920  0.31836  0.00000  0.39243  0.00000
0.1000  0.28640  0.31885  0.00000  0.39475  0.00000
0.1020  0.28624  0.31946  0.00000  0.39430  0.00000
0.1040  0.28734  0.31785  0.00000  0.39481  0.00000
0.1060  0.28565  0.31911  0.00000  0.39524  0.00000
0.1080  0.28565  0.31955  0.00000  0.39480  0.00000
0.1100  0.28492  0.31849  0.00000  0.39658  0.00000
0.1120  0.28428  0.31697  0.00000  0.39875  0.00000
0.1140  0.28157  0.31623  0.00000  0.40220  0.00000
0.1160  0.27961  0.31896  0.00000  0.40142  0.00000
0.1180  0.27814  0.31618  0.00000  0.40568  0.00000
0.1200  0.27921  0.31540  0.00000  0.40539  0.00000
0.1220  0.27901  0.31520  0.00000  0.40579  0.00000
0.1240  0.27716  0.31517  0.00000  0.40767  0.00000
0.1260  0.27664  0.31331  0.00000  0.41005  0.00000
0.1280  0.27605  0.31254  0.00000  0.41141  0.00000
0.1300  0.27367  0.31394  0.00000  0.41239  0.00000
0.1320  0.27245  0.31194  0.00000  0.41561  0.00000
0.1340  0.27172  0.31321  0.00000  0.41507  0.00000
0.1360  0.27253  0.31338  0.00000  0.41409  0.00000
0.1380  0.27219  0.31088  0.00000  0.41693  0.00000
0.1400  0.27002  0.31204  0.00000  0.41795  0.00000
0.1420  0.26974  0.31143  0.00000  0.41883  0.00000
0.1440  0.26800  0.30981  0.00000  0.42219  0.00000
0.1460  0.26691  0.31047  0.00000  0.42263  0.00000
0.1480  0.26647  0.30908  0.00000  0.42445  0.00000
0.1500  0.26387  0.30915  0.00000  0.42698  0.00000
0.1520  0.26268  0.30991  0.00000  0.42742  0.00000
0.1540  0.26151  0.30918  0.00000  0.42932  0.00000
0.1560  0.25958  0.30979  0.00000  0.43063  0.00000
0.1580  0.26126  0.30880  0.00000  0.42994  0.00000
0.1600  0.25761  0.30702  0.00000  0.43536  0.00000
0.1620  0.25708  0.30784  0.00000  0.43508  0.00000
0.1640  0.25819  0.30681  0.00000  0.43500  0.00000
0.1660  0.25701  0.30663  0.00000  0.43636  0.00000
0.1680  0.25614  0.30547  0.00000  0.43840  0.00000
0.1700  0.25384  0.30559  0.00000  0.44056  0.00000
0.1720  0.25267  0.30629  0.00000  0.44104  0.00000
0.1740  0.25181  0.30489  0.00000  0.44330  0.00000
0.1760  0.25178  0.30420  0.00000  0.44403  0.00000
0.1780  0.24895  0.30367  0.00000  0.44738  0.00000
0.1800  0.25191  0.30132  0.00000  0.44678  0.00000
0.1820  0.24910  0.30347  0.00000  0.44743  0.00000
0.1840  0.24901  0.30128  0.00000  0.44972  0.00000
0.1860  0.24524  0.30196  0.00000  0.45280  0.00000
0.1880  0.24651  0.30100  0.00000  0.45249  0.00000
0.1900  0.24472  0.30074  0.00000  0.45454  0.00000
0.1920  0.24467  0.30230  0.00000  0.45303  0.00000
0.1940  0.24328  0.29991  0.00000  0.45681  0.00000
0.1960  0.24156  0.30130  0.00000  0.45714  0.00000
0.1980  0.23949  0.30001  0.00000  0.46050  0.00000
0.2000  0.23948  0.29884  0.00000  0.46168  0.00000
0.2020  0.23832  0.29823  0.00000  0.46345  0.00000
0.2040  0.23803  0.29684  0.00000  0.46513  0.00000
0.2060  0.23669  0.29569  0.00000  0.46763  0.00000
0.2080  0.23537  0.29647  0.00000  0.46816  0.00000
0.2100  0.23523  0.29436  0.00000  0.47041  0.00000
0.2120  0.23187  0.29849  0.00000  0.46964  0.00000
0.2140  0.23335  0.29507  0.00000  0.47158  0.00000
0.2160  0.23213  0.29461  0.00000  0.47326  0.00000
0.2180  0.23093  0.29346  0.00000  0.47561  0.00000
0.2200  0.23163  0.29255  0.00000  0.47581  0.00000
0.2220  0.22741  0.29456  0.00000  0.47803  0.00000
0.2240  0.22722  0.29231  0.00000  0.48046  0.00000
0.2260  0.22721  0.29063  0.00000  0.48217  0.00000
0.2280  0.22395  0.29034  0.00000  0.48571  0.00000
0.2300  0.22637  0.28970  0.00000  0.48392  0.00000
0.2320  0.22366  0.29063  0.00000  0.48570  0.00000
0.2340  0.22110  0.29070  0.00000  0.48820  0.00000
0.2360  0.22225  0.28807  0.00000  0.48969  0.00000
0.2380  0.21915  0.28728  0.00000  0.49357  0.00000
0.2400  0.21987  0.28601  0.00000  0.49412  0.00000
0.2420  0.21970  0.28584  0.00000  0.49446  0.00000
0.2440  0.21663  0.28731  0.00000  0.49606  0.00000
0.2460  0.21509  0.28474  0.00000  0.50017  0.00000
0.2480  0.21423  0.28457  0.00000  0.50120  0.00000
0.2500  0.21414  0.28480  0.00000  0.50105  0.00000
0.2520  0.21413  0.28501  0.00000  0.50086  0.00000
0.2540  0.21297  0.28271  0.00000  0.50432  0.00000
0.2560  0.21266  0.28405  0.00000  0.50329  0.00000
0.2580  0.21069  0.28185  0.00000  0.50746  0.00000
0.2600  0.20923  0.28147  0.00000  0.50929  0.00000
0.2620  0.20845  0.28134  0.00000  0.51021  0.00000
0.2640  0.20770  0.28007  0.00000  0.51223  0.00000
0.2660  0.20816  0.27667  0.00000  0.51517  0.00000
0.2680  0.20593  0.27697  0.00000  0.51710  0.00000
0.2700  0.20506  0.27810  0.00000  0.51683  0.00000
0.2720  0.20322  0.27742  0.00000  0.51935  0.00000
0.2740  0.20324  0.27769  0.00000  0.51908  0.00000
0.2760  0.20093  0.27674  0.00000  0.52232  0.00000
0.2780  0.20057  0.27579  0.00000  0.52364  0.00000
0.2800  0.20092  0.27395  0.00000  0.52513  0.00000
0.2820  0.19765  0.27331  0.00000  0.52904  0.00000
0.2840  0.19670  0.27288  0.00000  0.53041  0.00000
0.2860  0.19635  0.27284  0.00000  0.53081  0.00000
0.2880  0.19464  0.27047  0.00000  0.53489  0.00000
0.2900  0.19335  0.27221  0.00000  0.53444  0.00000
0.2920  0.19306  0.26913  0.00000  0.53781  0.00000
0.2940  0.19369  0.27000  0.00000  0.53630  0.00000
0.2960  0.18980  0.26918  0.00000  0.54102  0.00000
0.2980  0.18898  0.27027  0.00000  0.54075  0.00000
0.3000  0.18838  0.26727  0.00000  0.54435  0.00000
0.3020  0.18658  0.26528  0.00000  0.54815  0.00000
0.3040  0.18601  0.26489  0.00000  0.54910  0.00000
0.3060  0.18307  0.26456  0.00000  0.55237  0.00000
0.3080  0.18489  0.26428  0.00000  0.55083  0.00000
0.3100  0.18191  0.26453  0.00000  0.55356  0.00000
0.3120  0.18056  0.26520  0.00000  0.55423  0.00000
0.3140  0.18040  0.26479  0.00000  0.55481  0.00000
0.3160  0.17914  0.26169  0.00000  0.55917  0.00000
0.3180  0.17799  0.26013  0.00000  0.56188  0.00000
0.3200  0.17539  0.26049  0.00000  0.56412  0.00000
0.3220  0.17626  0.25890  0.00000  0.56484  0.00000
0.3240  0.17629  0.26061  0.00000  0.56310  0.00000
0.3260  0.17339  0.25840  0.00000  0.56820  0.00000
0.3280  0.17070  0.25600  0.00000  0.57330  0.00000
0.3300  0.17200  0.25571  0.00000  0.57229  0.00000
0.3320  0.16965  0.25505  0.00000  0.57530  0.00000
0.3340  0.17041  0.25246  0.00000  0.57713  0.00000
0.3360  0.16894  0.25646  0.00000  0.57460  0.00000
0.3380  0.16749  0.25240  0.00000  0.58011  0.00000
0.3400  0.16646  0.25270  0.00000  0.58084  0.00000
0.3420  0.16508  0.25282  0.00000  0.58211  0.00000
0.3440  0.16492  0.25149  0.00000  0.58359  0.00000
0.3460  0.16466  0.24982  0.00000  0.58552  0.00000
0.3480  0.16174  0.24907  0.00000  0.58920  0.00000
0.3500  0.16169  0.24841  0.00000  0.58990  0.00000
0.3520  0.15967  0.24824  0.00000  0.59209  0.00000
0.3540  0.15995  0.24558  0.00000  0.59447  0.00000
0.3560  0.15642  0.24542  0.00000  0.59816  0.00000
0.3580  0.15668  0.24478  0.00000  0.59854  0.00000
0.3600  0.15642  0.24519  0.00000  0.59839  0.00000
0.3620  0.15517  0.24324  0.00000  0.60159  0.00000
0.3640  0.15219  0.24073  0.00000  0.60707  0.00000
0.3660  0.15052  0.23964  0.00000  0.60983  0.00000
0.3680  0.14971  0.23926  0.00000  0.61103  0.00000
0.3700  0.14858  0.23996  0.00000  0.61146  0.00000
0.3720  0.14934  0.23799  0.00000  0.61267  0.00000
0.3740  0.14462  0.23701  0.00000  0.61837  0.00000
0.3760  0.14434  0.23425  0.00000  0.62141  0.00000
0.3780  0.14536  0.23487  0.00000  0.61977  0.00000
0.3800  0.14131  0.23324  0.00000  0.62545  0.00000
0.3820  0.14001  0.23061  0.00000  0.62937  0.00000
0.3840  0.13989  0.23086  0.00000  0.62925  0.00000
0.3860  0.13932  0.22904  0.00000  0.63163  0.00000
0.3880  0.13718  0.22902  0.00000  0.63379  0.00000
0.3900  0.13721  0.22862  0.00000  0.63417  0.00000
0.3920  0.13382  0.22644  0.00000  0.63973  0.00000
0.3940  0.13462  0.22609  0.00000  0.63929  0.00000
0.3960  0.13361  0.22504  0.00000  0.64135  0.00000
0.3980  0.13156  0.22242  0.00000  0.64602  0.00000
0.4000  0.12901  0.22253  0.00000  0.64846  0.00000
0.4020  0.12894  0.21994  0.00000  0.65111  0.00000
0.4040  0.12682  0.21807  0.00000  0.65511  0.00000
0.4060  0.12186  0.21438  0.00000  0.66377  0.00000
0.4080  0.12302  0.21199  0.00000  0.66499  0.00000
0.4100  0.12067  0.21275  0.00000  0.66658  0.00000
0.4120  0.12198  0.21234  0.00000  0.66568  0.00000
0.4140  0.11935  0.21027  0.00000  0.67038  0.00000
0.4160  0.11792  0.20932  0.00000  0.67276  0.00000
0.4180  0.12105  0.20989  0.00000  0.66905  0.00000
0.4200  0.11607  0.20643  0.00000  0.67750  0.00000
0.4220  0.11293  0.20116  0.00000  0.68592  0.00000
0.4240  0.11214  0.20104  0.00000  0.68681  0.00000
0.4260  0.10866  0.19897  0.00000  0.69238  0.00000
0.4280  0.10538  0.19325  0.00000  0.70138  0.00000
0.4300  0.10934  0.20173  0.00000  0.68893  0.00000
0.4320  0.10158  0.18568  0.00000  0.71274  0.00000
0.4340  0.09844  0.18199  0.00000  0.71956  0.00000
0.4360  0.09619  0.17908  0.00000  0.72473  0.00000
0.4380  0.09700  0.18156  0.00000  0.72144  0.00000
0.4400  0.09711  0.18311  0.00000  0.71978  0.00000
0.4420  0.08456  0.15340  0.00000  0.76204  0.00000
0.4440  0.07739  0.14419  0.00000  0.77842  0.00000
0.4460  0.07861  0.14555  0.00000  0.77583  0.00000
0.4480  0.07818  0.14214  0.00000  0.77968  0.00000
0.4500  0.07538  0.13975  0.00000  0.78486  0.00000
0.4520  0.07205  0.13702  0.00000  0.79093  0.00000
0.4540  0.06768  0.12963  0.00000  0.80269  0.00000
0.4560  0.06665  0.12613  0.00000  0.80722  0.00000
0.4580  0.06472  0.11910  0.00000  0.81619  0.00000
0.4600  0.05914  0.10774  0.00000  0.83311  0.00000
0.4620  0.05827  0.11020  0.00000  0.83153  0.00000
0.4640  0.06103  0.11648  0.00000  0.82249  0.00000
0.4660  0.05622  0.10159  0.00000  0.84219  0.00000
0.4680  0.05635  0.10211  0.00000  0.84154  0.00000
0.4700  0.05551  0.10792  0.00000  0.83657  0.00000
0.4720  0.05181  0.09901  0.00000  0.84918  0.00000
0.4740  0.05232  0.09610  0.00000  0.85158  0.00000
0.4760  0.04965  0.09486  0.00000  0.85549  0.00000
0.4780  0.05010  0.09346  0.00000  0.85644  0.00000
0.4800  0.04769  0.08980  0.00000  0.86251  0.00000
0.4820  0.06807  0.14343  0.00000  0.78850  0.00000
0.4840  0.04666  0.08699  0.00000  0.86635  0.00000
0.4860  0.04837  0.09471  0.00000  0.85693  0.00000
0.4880  0.04285  0.08168  0.00000  0.87547  0.00000
0.4900  0.04392  0.08366  0.00000  0.87242  0.00000
0.4920  0.04479  0.08316  0.00000  0.87205  0.00000
0.4940  0.04188  0.07966  0.00000  0.87847  0.00000
0.4960  0.04155  0.07874  0.00000  0.87971  0.00000
0.4980  0.04115  0.07856  0.00000  0.88029  0.00000
0.5000  0.04072  0.07725  0.00000  0.88203  0.00000